144 
105 
2.603000E-01 0.000000E+00 2.500000E-01 
3.904500E-01 0.000000E+00 2.200000E-01 
3.904500E-01 0.000000E+00 -2.200000E-01 
2.603000E-01 0.000000E+00 -2.500000E-01 
2.592521E-01 2.333311E-02 2.500000E-01 
3.888782E-01 3.499967E-02 2.200000E-01 
3.888782E-01 3.499967E-02 -2.200000E-01 
2.592521E-01 2.333311E-02 -2.500000E-01 
2.561169E-01 4.647836E-02 2.500000E-01 
3.841753E-01 6.971754E-02 2.200000E-01 
3.841753E-01 6.971754E-02 -2.200000E-01 
2.561169E-01 4.647836E-02 -2.500000E-01 
2.509195E-01 6.924939E-02 2.500000E-01 
3.763793E-01 1.038741E-01 2.200000E-01 
3.763793E-01 1.038741E-01 -2.200000E-01 
2.509195E-01 6.924939E-02 -2.500000E-01 
2.437019E-01 9.146287E-02 2.500000E-01 
3.655529E-01 1.371943E-01 2.200000E-01 
3.655529E-01 1.371943E-01 -2.200000E-01 
2.437019E-01 9.146287E-02 -2.500000E-01 
2.345222E-01 1.129399E-01 2.500000E-01 
3.517833E-01 1.694099E-01 2.200000E-01 
3.517833E-01 1.694099E-01 -2.200000E-01 
2.345222E-01 1.129399E-01 -2.500000E-01 
2.234542E-01 1.335077E-01 2.500000E-01 
3.351813E-01 2.002615E-01 2.200000E-01 
3.351813E-01 2.002615E-01 -2.200000E-01 
2.234542E-01 1.335077E-01 -2.500000E-01 
2.105871E-01 1.530005E-01 2.500000E-01 
3.158807E-01 2.295008E-01 2.200000E-01 
3.158807E-01 2.295008E-01 -2.200000E-01 
2.105871E-01 1.530005E-01 -2.500000E-01 
1.960245E-01 1.712615E-01 2.500000E-01 
2.940368E-01 2.568922E-01 2.200000E-01 
2.940368E-01 2.568922E-01 -2.200000E-01 
1.960245E-01 1.712615E-01 -2.500000E-01 
1.798836E-01 1.881435E-01 2.500000E-01 
2.698254E-01 2.822153E-01 2.200000E-01 
2.698254E-01 2.822153E-01 -2.200000E-01 
1.798836E-01 1.881435E-01 -2.500000E-01 
1.622944E-01 2.035107E-01 2.500000E-01 
2.434416E-01 3.052661E-01 2.200000E-01 
2.434416E-01 3.052661E-01 -2.200000E-01 
1.622944E-01 2.035107E-01 -2.500000E-01 
1.433985E-01 2.172394E-01 2.500000E-01 
2.150977E-01 3.258591E-01 2.200000E-01 
2.150977E-01 3.258591E-01 -2.200000E-01 
1.433985E-01 2.172394E-01 -2.500000E-01 
1.233480E-01 2.292190E-01 2.500000E-01 
1.850220E-01 3.438285E-01 2.200000E-01 
1.850220E-01 3.438285E-01 -2.200000E-01 
1.233480E-01 2.292190E-01 -2.500000E-01 
1.023044E-01 2.393531E-01 2.500000E-01 
1.534566E-01 3.590296E-01 2.200000E-01 
1.534566E-01 3.590296E-01 -2.200000E-01 
1.023044E-01 2.393531E-01 -2.500000E-01 
8.043712E-02 2.475600E-01 2.500000E-01 
1.206557E-01 3.713400E-01 2.200000E-01 
1.206557E-01 3.713400E-01 -2.200000E-01 
8.043712E-02 2.475600E-01 -2.500000E-01 
5.792220E-02 2.537737E-01 2.500000E-01 
8.688330E-02 3.806606E-01 2.200000E-01 
8.688330E-02 3.806606E-01 -2.200000E-01 
5.792220E-02 2.537737E-01 -2.500000E-01 
3.494092E-02 2.579442E-01 2.500000E-01 
5.241138E-02 3.869163E-01 2.200000E-01 
5.241138E-02 3.869163E-01 -2.200000E-01 
3.494092E-02 2.579442E-01 -2.500000E-01 
1.167832E-02 2.600379E-01 2.500000E-01 
1.751747E-02 3.900568E-01 2.200000E-01 
1.751747E-02 3.900568E-01 -2.200000E-01 
1.167832E-02 2.600379E-01 -2.500000E-01 
-1.167832E-02 2.600379E-01 2.500000E-01 
-1.751747E-02 3.900568E-01 2.200000E-01 
-1.751747E-02 3.900568E-01 -2.200000E-01 
-1.167832E-02 2.600379E-01 -2.500000E-01 
-3.494092E-02 2.579442E-01 2.500000E-01 
-5.241138E-02 3.869163E-01 2.200000E-01 
-5.241138E-02 3.869163E-01 -2.200000E-01 
-3.494092E-02 2.579442E-01 -2.500000E-01 
-5.792220E-02 2.537737E-01 2.500000E-01 
-8.688330E-02 3.806606E-01 2.200000E-01 
-8.688330E-02 3.806606E-01 -2.200000E-01 
-5.792220E-02 2.537737E-01 -2.500000E-01 
-8.043712E-02 2.475600E-01 2.500000E-01 
-1.206557E-01 3.713400E-01 2.200000E-01 
-1.206557E-01 3.713400E-01 -2.200000E-01 
-8.043712E-02 2.475600E-01 -2.500000E-01 
-1.023044E-01 2.393531E-01 2.500000E-01 
-1.534566E-01 3.590296E-01 2.200000E-01 
-1.534566E-01 3.590296E-01 -2.200000E-01 
-1.023044E-01 2.393531E-01 -2.500000E-01 
-1.233480E-01 2.292190E-01 2.500000E-01 
-1.850220E-01 3.438285E-01 2.200000E-01 
-1.850220E-01 3.438285E-01 -2.200000E-01 
-1.233480E-01 2.292190E-01 -2.500000E-01 
-1.433985E-01 2.172394E-01 2.500000E-01 
-2.150977E-01 3.258591E-01 2.200000E-01 
-2.150977E-01 3.258591E-01 -2.200000E-01 
-1.433985E-01 2.172394E-01 -2.500000E-01 
-1.622944E-01 2.035107E-01 2.500000E-01 
-2.434416E-01 3.052661E-01 2.200000E-01 
-2.434416E-01 3.052661E-01 -2.200000E-01 
-1.622944E-01 2.035107E-01 -2.500000E-01 
-1.798836E-01 1.881435E-01 2.500000E-01 
-2.698254E-01 2.822153E-01 2.200000E-01 
-2.698254E-01 2.822153E-01 -2.200000E-01 
-1.798836E-01 1.881435E-01 -2.500000E-01 
-1.960245E-01 1.712615E-01 2.500000E-01 
-2.940368E-01 2.568922E-01 2.200000E-01 
-2.940368E-01 2.568922E-01 -2.200000E-01 
-1.960245E-01 1.712615E-01 -2.500000E-01 
-2.105871E-01 1.530005E-01 2.500000E-01 
-3.158807E-01 2.295008E-01 2.200000E-01 
-3.158807E-01 2.295008E-01 -2.200000E-01 
-2.105871E-01 1.530005E-01 -2.500000E-01 
-2.234542E-01 1.335077E-01 2.500000E-01 
-3.351813E-01 2.002615E-01 2.200000E-01 
-3.351813E-01 2.002615E-01 -2.200000E-01 
-2.234542E-01 1.335077E-01 -2.500000E-01 
-2.345222E-01 1.129399E-01 2.500000E-01 
-3.517833E-01 1.694099E-01 2.200000E-01 
-3.517833E-01 1.694099E-01 -2.200000E-01 
-2.345222E-01 1.129399E-01 -2.500000E-01 
-2.437019E-01 9.146287E-02 2.500000E-01 
-3.655529E-01 1.371943E-01 2.200000E-01 
-3.655529E-01 1.371943E-01 -2.200000E-01 
-2.437019E-01 9.146287E-02 -2.500000E-01 
-2.509195E-01 6.924939E-02 2.500000E-01 
-3.763793E-01 1.038741E-01 2.200000E-01 
-3.763793E-01 1.038741E-01 -2.200000E-01 
-2.509195E-01 6.924939E-02 -2.500000E-01 
-2.561169E-01 4.647836E-02 2.500000E-01 
-3.841753E-01 6.971754E-02 2.200000E-01 
-3.841753E-01 6.971754E-02 -2.200000E-01 
-2.561169E-01 4.647836E-02 -2.500000E-01 
-2.592521E-01 2.333311E-02 2.500000E-01 
-3.888782E-01 3.499967E-02 2.200000E-01 
-3.888782E-01 3.499967E-02 -2.200000E-01 
-2.592521E-01 2.333311E-02 -2.500000E-01 
-2.603000E-01 3.187756E-17 2.500000E-01 
-3.904500E-01 4.781633E-17 2.200000E-01 
-3.904500E-01 4.781633E-17 -2.200000E-01 
-2.603000E-01 3.187756E-17 -2.500000E-01 
1 2 6 5 
5 6 10 9 
9 10 14 13 
13 14 18 17 
17 18 22 21 
21 22 26 25 
25 26 30 29 
29 30 34 33 
33 34 38 37 
37 38 42 41 
41 42 46 45 
45 46 50 49 
49 50 54 53 
53 54 58 57 
57 58 62 61 
61 62 66 65 
65 66 70 69 
69 70 74 73 
73 74 78 77 
77 78 82 81 
81 82 86 85 
85 86 90 89 
89 90 94 93 
93 94 98 97 
97 98 102 101 
101 102 106 105 
105 106 110 109 
109 110 114 113 
113 114 118 117 
117 118 122 121 
121 122 126 125 
125 126 130 129 
129 130 134 133 
133 134 138 137 
137 138 142 141 
2 3 7 6 
6 7 11 10 
10 11 15 14 
14 15 19 18 
18 19 23 22 
22 23 27 26 
26 27 31 30 
30 31 35 34 
34 35 39 38 
38 39 43 42 
42 43 47 46 
46 47 51 50 
50 51 55 54 
54 55 59 58 
58 59 63 62 
62 63 67 66 
66 67 71 70 
70 71 75 74 
74 75 79 78 
78 79 83 82 
82 83 87 86 
86 87 91 90 
90 91 95 94 
94 95 99 98 
98 99 103 102 
102 103 107 106 
106 107 111 110 
110 111 115 114 
114 115 119 118 
118 119 123 122 
122 123 127 126 
126 127 131 130 
130 131 135 134 
134 135 139 138 
138 139 143 142 
3 4 8 7 
7 8 12 11 
11 12 16 15 
15 16 20 19 
19 20 24 23 
23 24 28 27 
27 28 32 31 
31 32 36 35 
35 36 40 39 
39 40 44 43 
43 44 48 47 
47 48 52 51 
51 52 56 55 
55 56 60 59 
59 60 64 63 
63 64 68 67 
67 68 72 71 
71 72 76 75 
75 76 80 79 
79 80 84 83 
83 84 88 87 
87 88 92 91 
91 92 96 95 
95 96 100 99 
99 100 104 103 
103 104 108 107 
107 108 112 111 
111 112 116 115 
115 116 120 119 
119 120 124 123 
123 124 128 127 
127 128 132 131 
131 132 136 135 
135 136 140 139 
139 140 144 143 
