           6
  1.2833236E-03  1.2833194E-03  1.2833236E-03  1.2833234E-03  1.2833200E-03
  1.2833234E-03  1.2729873E-03  1.2729832E-03  1.2729873E-03  1.2729870E-03
  1.2729837E-03  1.2729870E-03  1.2524102E-03  1.2524062E-03  1.2524102E-03
  1.2524100E-03  1.2524066E-03  1.2524100E-03  1.2217421E-03  1.2217382E-03
  1.2217421E-03  1.2217419E-03  1.2217386E-03  1.2217419E-03  1.1812397E-03
  1.1812359E-03  1.1812397E-03  1.1812395E-03  1.1812364E-03  1.1812395E-03
  1.1312267E-03  1.1312229E-03  1.1312267E-03  1.1312264E-03  1.1312234E-03
  1.1312264E-03  1.0721087E-03  1.0721053E-03  1.0721087E-03  1.0721085E-03
  1.0721056E-03  1.0721085E-03  1.0043526E-03  1.0043493E-03  1.0043526E-03
  1.0043524E-03  1.0043497E-03  1.0043524E-03  9.2851446E-04  9.2851144E-04
  9.2851446E-04  9.2851417E-04  9.2851178E-04  9.2851417E-04  8.4519753E-04
  8.4519474E-04  8.4519753E-04  8.4519730E-04  8.4519503E-04  8.4519730E-04
  7.5507700E-04  7.5507461E-04  7.5507700E-04  7.5507694E-04  7.5507496E-04
  7.5507694E-04  6.5887871E-04  6.5887655E-04  6.5887871E-04  6.5887859E-04
  6.5887684E-04  6.5887859E-04  5.5737398E-04  5.5737217E-04  5.5737398E-04
  5.5737386E-04  5.5737240E-04  5.5737386E-04  4.5138240E-04  4.5138091E-04
  4.5138240E-04  4.5138231E-04  4.5138111E-04  4.5138231E-04  3.4175519E-04
  3.4175412E-04  3.4175519E-04  3.4175519E-04  3.4175423E-04  3.4175519E-04
  2.2937650E-04  2.2937576E-04  2.2937650E-04  2.2937646E-04  2.2937583E-04
  2.2937646E-04  1.1515103E-04  1.1515067E-04  1.1515103E-04  1.1515101E-04
  1.1515070E-04  1.1515101E-04  0.0000000E+00  0.0000000E+00  0.0000000E+00
  0.0000000E+00  0.0000000E+00  0.0000000E+00 -1.1515103E-04 -1.1515067E-04
 -1.1515103E-04 -1.1515101E-04 -1.1515070E-04 -1.1515101E-04 -2.2937650E-04
 -2.2937576E-04 -2.2937650E-04 -2.2937646E-04 -2.2937583E-04 -2.2937646E-04
 -3.4175519E-04 -3.4175412E-04 -3.4175519E-04 -3.4175519E-04 -3.4175423E-04
 -3.4175519E-04 -4.5138240E-04 -4.5138091E-04 -4.5138240E-04 -4.5138231E-04
 -4.5138111E-04 -4.5138231E-04 -5.5737398E-04 -5.5737217E-04 -5.5737398E-04
 -5.5737386E-04 -5.5737240E-04 -5.5737386E-04 -6.5887871E-04 -6.5887655E-04
 -6.5887871E-04 -6.5887859E-04 -6.5887684E-04 -6.5887859E-04 -7.5507700E-04
 -7.5507461E-04 -7.5507700E-04 -7.5507694E-04 -7.5507496E-04 -7.5507694E-04
 -8.4519753E-04 -8.4519474E-04 -8.4519753E-04 -8.4519730E-04 -8.4519503E-04
 -8.4519730E-04 -9.2851446E-04 -9.2851144E-04 -9.2851446E-04 -9.2851417E-04
 -9.2851178E-04 -9.2851417E-04 -1.0043526E-03 -1.0043493E-03 -1.0043526E-03
 -1.0043524E-03 -1.0043497E-03 -1.0043524E-03 -1.0721087E-03 -1.0721053E-03
 -1.0721087E-03 -1.0721085E-03 -1.0721056E-03 -1.0721085E-03 -1.1312267E-03
 -1.1312229E-03 -1.1312267E-03 -1.1312264E-03 -1.1312234E-03 -1.1312264E-03
 -1.1812397E-03 -1.1812359E-03 -1.1812397E-03 -1.1812395E-03 -1.1812364E-03
 -1.1812395E-03 -1.2217421E-03 -1.2217382E-03 -1.2217421E-03 -1.2217419E-03
 -1.2217386E-03 -1.2217419E-03 -1.2524102E-03 -1.2524062E-03 -1.2524102E-03
 -1.2524100E-03 -1.2524066E-03 -1.2524100E-03 -1.2729873E-03 -1.2729832E-03
 -1.2729873E-03 -1.2729870E-03 -1.2729837E-03 -1.2729870E-03 -1.2833236E-03
 -1.2833194E-03 -1.2833236E-03 -1.2833234E-03 -1.2833200E-03 -1.2833234E-03
  1.8593531E-04  2.0781058E-04  2.2968504E-04  2.5156038E-04  1.8443906E-04
  2.0613809E-04  2.2783593E-04  2.4953461E-04  1.8145633E-04  2.0280434E-04
  2.2415193E-04  2.4550076E-04  1.7701332E-04  1.9783893E-04  2.1866380E-04
  2.3948916E-04  1.7114496E-04  1.9128020E-04  2.1141466E-04  2.3154999E-04
  1.6389921E-04  1.8318171E-04  2.0246378E-04  2.2174630E-04  1.5533346E-04
  1.7360864E-04  1.9188240E-04  2.1015732E-04  1.4551713E-04  1.6263658E-04
  1.7975568E-04  1.9687599E-04  1.3452854E-04  1.5035603E-04  1.6618258E-04
  1.8200981E-04  1.2245686E-04  1.3686389E-04  1.5127109E-04  1.6567821E-04
  1.0940051E-04  1.2227157E-04  1.3514174E-04  1.4801227E-04  9.5462514E-05
  1.0669346E-04  1.1792378E-04  1.2915499E-04  8.0755875E-05  9.0256653E-05
  9.9757410E-05  1.0925822E-04  6.5398730E-05  7.3092837E-05  8.0786602E-05
  8.8481022E-05  4.9515314E-05  5.5340734E-05  6.1166262E-05  6.6991925E-05
  3.3233657E-05  3.7143818E-05  4.1053405E-05  4.4962930E-05  1.6684106E-05
  1.8646517E-05  2.0609288E-05  2.2572372E-05  0.0000000E+00  0.0000000E+00
  0.0000000E+00  0.0000000E+00 -1.6684104E-05 -1.8646515E-05 -2.0609292E-05
 -2.2572380E-05 -3.3233657E-05 -3.7143822E-05 -4.1053398E-05 -4.4962930E-05
 -4.9515322E-05 -5.5340734E-05 -6.1166262E-05 -6.6991932E-05 -6.5398737E-05
 -7.3092844E-05 -8.0786602E-05 -8.8481029E-05 -8.0755868E-05 -9.0256653E-05
 -9.9757410E-05 -1.0925821E-04 -9.5462507E-05 -1.0669346E-04 -1.1792379E-04
 -1.2915499E-04 -1.0940049E-04 -1.2227159E-04 -1.3514174E-04 -1.4801226E-04
 -1.2245686E-04 -1.3686389E-04 -1.5127107E-04 -1.6567823E-04 -1.3452853E-04
 -1.5035603E-04 -1.6618258E-04 -1.8200980E-04 -1.4551713E-04 -1.6263658E-04
 -1.7975573E-04 -1.9687599E-04 -1.5533346E-04 -1.7360861E-04 -1.9188243E-04
 -2.1015732E-04 -1.6389920E-04 -1.8318171E-04 -2.0246379E-04 -2.2174633E-04
 -1.7114496E-04 -1.9128020E-04 -2.1141468E-04 -2.3154999E-04 -1.7701334E-04
 -1.9783893E-04 -2.1866380E-04 -2.3948916E-04 -1.8145634E-04 -2.0280434E-04
 -2.2415193E-04 -2.4550076E-04 -1.8443906E-04 -2.0613809E-04 -2.2783589E-04
 -2.4953461E-04 -1.8593531E-04 -2.0781058E-04 -2.2968504E-04 -2.5156038E-04
  1.2833236E-03  1.2833194E-03  1.2833236E-03  1.2833234E-03  1.2833200E-03
  1.2833234E-03  1.2729873E-03  1.2729832E-03  1.2729873E-03  1.2729870E-03
  1.2729837E-03  1.2729870E-03  1.2524102E-03  1.2524062E-03  1.2524102E-03
  1.2524100E-03  1.2524066E-03  1.2524100E-03  1.2217421E-03  1.2217382E-03
  1.2217421E-03  1.2217419E-03  1.2217386E-03  1.2217419E-03  1.1812397E-03
  1.1812359E-03  1.1812397E-03  1.1812395E-03  1.1812364E-03  1.1812395E-03
  1.1312267E-03  1.1312229E-03  1.1312267E-03  1.1312264E-03  1.1312234E-03
  1.1312264E-03  1.0721087E-03  1.0721053E-03  1.0721087E-03  1.0721085E-03
  1.0721056E-03  1.0721085E-03  1.0043526E-03  1.0043493E-03  1.0043526E-03
  1.0043524E-03  1.0043497E-03  1.0043524E-03  9.2851446E-04  9.2851144E-04
  9.2851446E-04  9.2851417E-04  9.2851178E-04  9.2851417E-04  8.4519753E-04
  8.4519474E-04  8.4519753E-04  8.4519730E-04  8.4519503E-04  8.4519730E-04
  7.5507700E-04  7.5507461E-04  7.5507700E-04  7.5507694E-04  7.5507496E-04
  7.5507694E-04  6.5887871E-04  6.5887655E-04  6.5887871E-04  6.5887859E-04
  6.5887684E-04  6.5887859E-04  5.5737398E-04  5.5737217E-04  5.5737398E-04
  5.5737386E-04  5.5737240E-04  5.5737386E-04  4.5138240E-04  4.5138091E-04
  4.5138240E-04  4.5138231E-04  4.5138111E-04  4.5138231E-04  3.4175519E-04
  3.4175412E-04  3.4175519E-04  3.4175519E-04  3.4175423E-04  3.4175519E-04
  2.2937650E-04  2.2937576E-04  2.2937650E-04  2.2937646E-04  2.2937583E-04
  2.2937646E-04  1.1515103E-04  1.1515067E-04  1.1515103E-04  1.1515101E-04
  1.1515070E-04  1.1515101E-04  0.0000000E+00  0.0000000E+00  0.0000000E+00
  0.0000000E+00  0.0000000E+00  0.0000000E+00 -1.1515103E-04 -1.1515067E-04
 -1.1515103E-04 -1.1515101E-04 -1.1515070E-04 -1.1515101E-04 -2.2937650E-04
 -2.2937576E-04 -2.2937650E-04 -2.2937646E-04 -2.2937583E-04 -2.2937646E-04
 -3.4175519E-04 -3.4175412E-04 -3.4175519E-04 -3.4175519E-04 -3.4175423E-04
 -3.4175519E-04 -4.5138240E-04 -4.5138091E-04 -4.5138240E-04 -4.5138231E-04
 -4.5138111E-04 -4.5138231E-04 -5.5737398E-04 -5.5737217E-04 -5.5737398E-04
 -5.5737386E-04 -5.5737240E-04 -5.5737386E-04 -6.5887871E-04 -6.5887655E-04
 -6.5887871E-04 -6.5887859E-04 -6.5887684E-04 -6.5887859E-04 -7.5507700E-04
 -7.5507461E-04 -7.5507700E-04 -7.5507694E-04 -7.5507496E-04 -7.5507694E-04
 -8.4519753E-04 -8.4519474E-04 -8.4519753E-04 -8.4519730E-04 -8.4519503E-04
 -8.4519730E-04 -9.2851446E-04 -9.2851144E-04 -9.2851446E-04 -9.2851417E-04
 -9.2851178E-04 -9.2851417E-04 -1.0043526E-03 -1.0043493E-03 -1.0043526E-03
 -1.0043524E-03 -1.0043497E-03 -1.0043524E-03 -1.0721087E-03 -1.0721053E-03
 -1.0721087E-03 -1.0721085E-03 -1.0721056E-03 -1.0721085E-03 -1.1312267E-03
 -1.1312229E-03 -1.1312267E-03 -1.1312264E-03 -1.1312234E-03 -1.1312264E-03
 -1.1812397E-03 -1.1812359E-03 -1.1812397E-03 -1.1812395E-03 -1.1812364E-03
 -1.1812395E-03 -1.2217421E-03 -1.2217382E-03 -1.2217421E-03 -1.2217419E-03
 -1.2217386E-03 -1.2217419E-03 -1.2524102E-03 -1.2524062E-03 -1.2524102E-03
 -1.2524100E-03 -1.2524066E-03 -1.2524100E-03 -1.2729873E-03 -1.2729832E-03
 -1.2729873E-03 -1.2729870E-03 -1.2729837E-03 -1.2729870E-03 -1.2833236E-03
 -1.2833194E-03 -1.2833236E-03 -1.2833234E-03 -1.2833200E-03 -1.2833234E-03
  1.8593531E-04  2.0781058E-04  2.2968504E-04  2.5156038E-04  1.8443906E-04
  2.0613809E-04  2.2783593E-04  2.4953461E-04  1.8145633E-04  2.0280434E-04
  2.2415193E-04  2.4550076E-04  1.7701332E-04  1.9783893E-04  2.1866380E-04
  2.3948916E-04  1.7114496E-04  1.9128020E-04  2.1141466E-04  2.3154999E-04
  1.6389921E-04  1.8318171E-04  2.0246378E-04  2.2174630E-04  1.5533346E-04
  1.7360864E-04  1.9188240E-04  2.1015732E-04  1.4551713E-04  1.6263658E-04
  1.7975568E-04  1.9687599E-04  1.3452854E-04  1.5035603E-04  1.6618258E-04
  1.8200981E-04  1.2245686E-04  1.3686389E-04  1.5127109E-04  1.6567821E-04
  1.0940051E-04  1.2227157E-04  1.3514174E-04  1.4801227E-04  9.5462514E-05
  1.0669346E-04  1.1792378E-04  1.2915499E-04  8.0755875E-05  9.0256653E-05
  9.9757410E-05  1.0925822E-04  6.5398730E-05  7.3092837E-05  8.0786602E-05
  8.8481022E-05  4.9515314E-05  5.5340734E-05  6.1166262E-05  6.6991925E-05
  3.3233657E-05  3.7143818E-05  4.1053405E-05  4.4962930E-05  1.6684106E-05
  1.8646517E-05  2.0609288E-05  2.2572372E-05  0.0000000E+00  0.0000000E+00
  0.0000000E+00  0.0000000E+00 -1.6684104E-05 -1.8646515E-05 -2.0609292E-05
 -2.2572380E-05 -3.3233657E-05 -3.7143822E-05 -4.1053398E-05 -4.4962930E-05
 -4.9515322E-05 -5.5340734E-05 -6.1166262E-05 -6.6991932E-05 -6.5398737E-05
 -7.3092844E-05 -8.0786602E-05 -8.8481029E-05 -8.0755868E-05 -9.0256653E-05
 -9.9757410E-05 -1.0925821E-04 -9.5462507E-05 -1.0669346E-04 -1.1792379E-04
 -1.2915499E-04 -1.0940049E-04 -1.2227159E-04 -1.3514174E-04 -1.4801226E-04
 -1.2245686E-04 -1.3686389E-04 -1.5127107E-04 -1.6567823E-04 -1.3452853E-04
 -1.5035603E-04 -1.6618258E-04 -1.8200980E-04 -1.4551713E-04 -1.6263658E-04
 -1.7975573E-04 -1.9687599E-04 -1.5533346E-04 -1.7360861E-04 -1.9188243E-04
 -2.1015732E-04 -1.6389920E-04 -1.8318171E-04 -2.0246379E-04 -2.2174633E-04
 -1.7114496E-04 -1.9128020E-04 -2.1141468E-04 -2.3154999E-04 -1.7701334E-04
 -1.9783893E-04 -2.1866380E-04 -2.3948916E-04 -1.8145634E-04 -2.0280434E-04
 -2.2415193E-04 -2.4550076E-04 -1.8443906E-04 -2.0613809E-04 -2.2783589E-04
 -2.4953461E-04 -1.8593531E-04 -2.0781058E-04 -2.2968504E-04 -2.5156038E-04
  5.7632882E-05  5.7632700E-05  5.7632882E-05  5.7632875E-05  5.7632722E-05
  5.7632875E-05  1.7243970E-04  1.7243913E-04  1.7243970E-04  1.7243967E-04
  1.7243919E-04  1.7243967E-04  2.8585325E-04  2.8585232E-04  2.8585325E-04
  2.8585320E-04  2.8585244E-04  2.8585320E-04  3.9696874E-04  3.9696746E-04
  3.9696874E-04  3.9696868E-04  3.9696763E-04  3.9696868E-04  5.0488574E-04
  5.0488411E-04  5.0488574E-04  5.0488568E-04  5.0488434E-04  5.0488568E-04
  6.0874101E-04  6.0873904E-04  6.0874101E-04  6.0874090E-04  6.0873927E-04
  6.0874090E-04  7.0768979E-04  7.0768746E-04  7.0768979E-04  7.0768961E-04
  7.0768769E-04  7.0768961E-04  8.0094306E-04  8.0094056E-04  8.0094306E-04
  8.0094300E-04  8.0094085E-04  8.0094300E-04  8.8775251E-04  8.8774960E-04
  8.8775251E-04  8.8775234E-04  8.8775001E-04  8.8775234E-04  9.6740713E-04
  9.6740399E-04  9.6740713E-04  9.6740696E-04  9.6740446E-04  9.6740696E-04
  1.0392775E-03  1.0392742E-03  1.0392775E-03  1.0392773E-03  1.0392745E-03
  1.0392773E-03  1.1027768E-03  1.1027732E-03  1.1027768E-03  1.1027766E-03
  1.1027737E-03  1.1027766E-03  1.1573992E-03  1.1573954E-03  1.1573992E-03
  1.1573989E-03  1.1573959E-03  1.1573989E-03  1.2027009E-03  1.2026969E-03
  1.2027009E-03  1.2027007E-03  1.2026975E-03  1.2027007E-03  1.2383227E-03
  1.2383187E-03  1.2383227E-03  1.2383225E-03  1.2383192E-03  1.2383225E-03
  1.2639710E-03  1.2639669E-03  1.2639710E-03  1.2639707E-03  1.2639674E-03
  1.2639707E-03  1.2794444E-03  1.2794402E-03  1.2794444E-03  1.2794441E-03
  1.2794407E-03  1.2794441E-03  1.2846180E-03  1.2846139E-03  1.2846180E-03
  1.2846178E-03  1.2846143E-03  1.2846178E-03  1.2794444E-03  1.2794402E-03
  1.2794444E-03  1.2794441E-03  1.2794407E-03  1.2794441E-03  1.2639710E-03
  1.2639669E-03  1.2639710E-03  1.2639707E-03  1.2639674E-03  1.2639707E-03
  1.2383227E-03  1.2383187E-03  1.2383227E-03  1.2383225E-03  1.2383192E-03
  1.2383225E-03  1.2027009E-03  1.2026969E-03  1.2027009E-03  1.2027007E-03
  1.2026975E-03  1.2027007E-03  1.1573992E-03  1.1573954E-03  1.1573992E-03
  1.1573989E-03  1.1573959E-03  1.1573989E-03  1.1027768E-03  1.1027732E-03
  1.1027768E-03  1.1027766E-03  1.1027737E-03  1.1027766E-03  1.0392775E-03
  1.0392742E-03  1.0392775E-03  1.0392773E-03  1.0392745E-03  1.0392773E-03
  9.6740713E-04  9.6740399E-04  9.6740713E-04  9.6740696E-04  9.6740446E-04
  9.6740696E-04  8.8775251E-04  8.8774960E-04  8.8775251E-04  8.8775234E-04
  8.8775001E-04  8.8775234E-04  8.0094306E-04  8.0094056E-04  8.0094306E-04
  8.0094300E-04  8.0094085E-04  8.0094300E-04  7.0768979E-04  7.0768746E-04
  7.0768979E-04  7.0768961E-04  7.0768769E-04  7.0768961E-04  6.0874101E-04
  6.0873904E-04  6.0874101E-04  6.0874090E-04  6.0873927E-04  6.0874090E-04
  5.0488574E-04  5.0488411E-04  5.0488574E-04  5.0488568E-04  5.0488434E-04
  5.0488568E-04  3.9696874E-04  3.9696746E-04  3.9696874E-04  3.9696868E-04
  3.9696763E-04  3.9696868E-04  2.8585325E-04  2.8585232E-04  2.8585325E-04
  2.8585320E-04  2.8585244E-04  2.8585320E-04  1.7243970E-04  1.7243913E-04
  1.7243970E-04  1.7243967E-04  1.7243919E-04  1.7243967E-04  5.7632882E-05
  5.7632700E-05  5.7632882E-05  5.7632875E-05  5.7632722E-05  5.7632875E-05
  8.3504929E-06  9.3329782E-06  1.0315212E-05  1.1297369E-05  2.4983639E-05
  2.7922832E-05  3.0862360E-05  3.3802131E-05  4.1416846E-05  4.6289384E-05
  5.1161300E-05  5.6033638E-05  5.7515219E-05  6.4281892E-05  7.1048184E-05
  7.7814868E-05  7.3150470E-05  8.1756829E-05  9.0363203E-05  9.8969249E-05
  8.8197987E-05  9.8574412E-05  1.0895055E-04  1.1932712E-04  1.0253461E-04
  1.1459745E-04  1.2665981E-04  1.3872310E-04  1.1604548E-04  1.2969802E-04
  1.4335039E-04  1.5700326E-04  1.2862304E-04  1.4375566E-04  1.5888733E-04
  1.7401967E-04  1.4016361E-04  1.5665381E-04  1.7314334E-04  1.8963360E-04
  1.5057667E-04  1.6829195E-04  1.8600660E-04  2.0372197E-04  1.5977719E-04
  1.7857479E-04  1.9737169E-04  2.1616934E-04  1.6769122E-04  1.8741994E-04
  2.0714792E-04  2.2687674E-04  1.7425443E-04  1.9475531E-04  2.1525542E-04
  2.3575638E-04  1.7941558E-04  2.0052392E-04  2.2163150E-04  2.4273962E-04
  1.8313222E-04  2.0467708E-04  2.2622119E-04  2.4776693E-04  1.8537356E-04
  2.0718285E-04  2.2899125E-04  2.5080025E-04  1.8612284E-04  2.0802024E-04
  2.2991678E-04  2.5181429E-04  1.8537356E-04  2.0718282E-04  2.2899128E-04
  2.5080022E-04  1.8313222E-04  2.0467710E-04  2.2622118E-04  2.4776693E-04
  1.7941560E-04  2.0052395E-04  2.2163146E-04  2.4273961E-04  1.7425444E-04
  1.9475531E-04  2.1525542E-04  2.3575636E-04  1.6769121E-04  1.8741994E-04
  2.0714792E-04  2.2687671E-04  1.5977718E-04  1.7857479E-04  1.9737169E-04
  2.1616934E-04  1.5057667E-04  1.6829197E-04  1.8600661E-04  2.0372197E-04
  1.4016361E-04  1.5665380E-04  1.7314336E-04  1.8963362E-04  1.2862303E-04
  1.4375566E-04  1.5888733E-04  1.7401966E-04  1.1604548E-04  1.2969802E-04
  1.4335042E-04  1.5700326E-04  1.0253460E-04  1.1459744E-04  1.2665981E-04
  1.3872309E-04  8.8197987E-05  9.8574426E-05  1.0895056E-04  1.1932714E-04
  7.3150470E-05  8.1756836E-05  9.0363203E-05  9.8969256E-05  5.7515219E-05
  6.4281892E-05  7.1048184E-05  7.7814868E-05  4.1416846E-05  4.6289377E-05
  5.1161311E-05  5.6033634E-05  2.4983632E-05  2.7922839E-05  3.0862357E-05
  3.3802131E-05  8.3504847E-06  9.3329782E-06  1.0315212E-05  1.1297369E-05
 -5.7632882E-05 -5.7632700E-05 -5.7632882E-05 -5.7632875E-05 -5.7632722E-05
 -5.7632875E-05 -1.7243970E-04 -1.7243913E-04 -1.7243970E-04 -1.7243967E-04
 -1.7243919E-04 -1.7243967E-04 -2.8585325E-04 -2.8585232E-04 -2.8585325E-04
 -2.8585320E-04 -2.8585244E-04 -2.8585320E-04 -3.9696874E-04 -3.9696746E-04
 -3.9696874E-04 -3.9696868E-04 -3.9696763E-04 -3.9696868E-04 -5.0488574E-04
 -5.0488411E-04 -5.0488574E-04 -5.0488568E-04 -5.0488434E-04 -5.0488568E-04
 -6.0874101E-04 -6.0873904E-04 -6.0874101E-04 -6.0874090E-04 -6.0873927E-04
 -6.0874090E-04 -7.0768979E-04 -7.0768746E-04 -7.0768979E-04 -7.0768961E-04
 -7.0768769E-04 -7.0768961E-04 -8.0094306E-04 -8.0094056E-04 -8.0094306E-04
 -8.0094300E-04 -8.0094085E-04 -8.0094300E-04 -8.8775251E-04 -8.8774960E-04
 -8.8775251E-04 -8.8775234E-04 -8.8775001E-04 -8.8775234E-04 -9.6740713E-04
 -9.6740399E-04 -9.6740713E-04 -9.6740696E-04 -9.6740446E-04 -9.6740696E-04
 -1.0392775E-03 -1.0392742E-03 -1.0392775E-03 -1.0392773E-03 -1.0392745E-03
 -1.0392773E-03 -1.1027768E-03 -1.1027732E-03 -1.1027768E-03 -1.1027766E-03
 -1.1027737E-03 -1.1027766E-03 -1.1573992E-03 -1.1573954E-03 -1.1573992E-03
 -1.1573989E-03 -1.1573959E-03 -1.1573989E-03 -1.2027009E-03 -1.2026969E-03
 -1.2027009E-03 -1.2027007E-03 -1.2026975E-03 -1.2027007E-03 -1.2383227E-03
 -1.2383187E-03 -1.2383227E-03 -1.2383225E-03 -1.2383192E-03 -1.2383225E-03
 -1.2639710E-03 -1.2639669E-03 -1.2639710E-03 -1.2639707E-03 -1.2639674E-03
 -1.2639707E-03 -1.2794444E-03 -1.2794402E-03 -1.2794444E-03 -1.2794441E-03
 -1.2794407E-03 -1.2794441E-03 -1.2846180E-03 -1.2846139E-03 -1.2846180E-03
 -1.2846178E-03 -1.2846143E-03 -1.2846178E-03 -1.2794444E-03 -1.2794402E-03
 -1.2794444E-03 -1.2794441E-03 -1.2794407E-03 -1.2794441E-03 -1.2639710E-03
 -1.2639669E-03 -1.2639710E-03 -1.2639707E-03 -1.2639674E-03 -1.2639707E-03
 -1.2383227E-03 -1.2383187E-03 -1.2383227E-03 -1.2383225E-03 -1.2383192E-03
 -1.2383225E-03 -1.2027009E-03 -1.2026969E-03 -1.2027009E-03 -1.2027007E-03
 -1.2026975E-03 -1.2027007E-03 -1.1573992E-03 -1.1573954E-03 -1.1573992E-03
 -1.1573989E-03 -1.1573959E-03 -1.1573989E-03 -1.1027768E-03 -1.1027732E-03
 -1.1027768E-03 -1.1027766E-03 -1.1027737E-03 -1.1027766E-03 -1.0392775E-03
 -1.0392742E-03 -1.0392775E-03 -1.0392773E-03 -1.0392745E-03 -1.0392773E-03
 -9.6740713E-04 -9.6740399E-04 -9.6740713E-04 -9.6740696E-04 -9.6740446E-04
 -9.6740696E-04 -8.8775251E-04 -8.8774960E-04 -8.8775251E-04 -8.8775234E-04
 -8.8775001E-04 -8.8775234E-04 -8.0094306E-04 -8.0094056E-04 -8.0094306E-04
 -8.0094300E-04 -8.0094085E-04 -8.0094300E-04 -7.0768979E-04 -7.0768746E-04
 -7.0768979E-04 -7.0768961E-04 -7.0768769E-04 -7.0768961E-04 -6.0874101E-04
 -6.0873904E-04 -6.0874101E-04 -6.0874090E-04 -6.0873927E-04 -6.0874090E-04
 -5.0488574E-04 -5.0488411E-04 -5.0488574E-04 -5.0488568E-04 -5.0488434E-04
 -5.0488568E-04 -3.9696874E-04 -3.9696746E-04 -3.9696874E-04 -3.9696868E-04
 -3.9696763E-04 -3.9696868E-04 -2.8585325E-04 -2.8585232E-04 -2.8585325E-04
 -2.8585320E-04 -2.8585244E-04 -2.8585320E-04 -1.7243970E-04 -1.7243913E-04
 -1.7243970E-04 -1.7243967E-04 -1.7243919E-04 -1.7243967E-04 -5.7632882E-05
 -5.7632700E-05 -5.7632882E-05 -5.7632875E-05 -5.7632722E-05 -5.7632875E-05
 -8.3504929E-06 -9.3329782E-06 -1.0315212E-05 -1.1297369E-05 -2.4983639E-05
 -2.7922832E-05 -3.0862360E-05 -3.3802131E-05 -4.1416846E-05 -4.6289384E-05
 -5.1161300E-05 -5.6033638E-05 -5.7515219E-05 -6.4281892E-05 -7.1048184E-05
 -7.7814868E-05 -7.3150470E-05 -8.1756829E-05 -9.0363203E-05 -9.8969249E-05
 -8.8197987E-05 -9.8574412E-05 -1.0895055E-04 -1.1932712E-04 -1.0253461E-04
 -1.1459745E-04 -1.2665981E-04 -1.3872310E-04 -1.1604548E-04 -1.2969802E-04
 -1.4335039E-04 -1.5700326E-04 -1.2862304E-04 -1.4375566E-04 -1.5888733E-04
 -1.7401967E-04 -1.4016361E-04 -1.5665381E-04 -1.7314334E-04 -1.8963360E-04
 -1.5057667E-04 -1.6829195E-04 -1.8600660E-04 -2.0372197E-04 -1.5977719E-04
 -1.7857479E-04 -1.9737169E-04 -2.1616934E-04 -1.6769122E-04 -1.8741994E-04
 -2.0714792E-04 -2.2687674E-04 -1.7425443E-04 -1.9475531E-04 -2.1525542E-04
 -2.3575638E-04 -1.7941558E-04 -2.0052392E-04 -2.2163150E-04 -2.4273962E-04
 -1.8313222E-04 -2.0467708E-04 -2.2622119E-04 -2.4776693E-04 -1.8537356E-04
 -2.0718285E-04 -2.2899125E-04 -2.5080025E-04 -1.8612284E-04 -2.0802024E-04
 -2.2991678E-04 -2.5181429E-04 -1.8537356E-04 -2.0718282E-04 -2.2899128E-04
 -2.5080022E-04 -1.8313222E-04 -2.0467710E-04 -2.2622118E-04 -2.4776693E-04
 -1.7941560E-04 -2.0052395E-04 -2.2163146E-04 -2.4273961E-04 -1.7425444E-04
 -1.9475531E-04 -2.1525542E-04 -2.3575636E-04 -1.6769121E-04 -1.8741994E-04
 -2.0714792E-04 -2.2687671E-04 -1.5977718E-04 -1.7857479E-04 -1.9737169E-04
 -2.1616934E-04 -1.5057667E-04 -1.6829197E-04 -1.8600661E-04 -2.0372197E-04
 -1.4016361E-04 -1.5665380E-04 -1.7314336E-04 -1.8963362E-04 -1.2862303E-04
 -1.4375566E-04 -1.5888733E-04 -1.7401966E-04 -1.1604548E-04 -1.2969802E-04
 -1.4335042E-04 -1.5700326E-04 -1.0253460E-04 -1.1459744E-04 -1.2665981E-04
 -1.3872309E-04 -8.8197987E-05 -9.8574426E-05 -1.0895056E-04 -1.1932714E-04
 -7.3150470E-05 -8.1756836E-05 -9.0363203E-05 -9.8969256E-05 -5.7515219E-05
 -6.4281892E-05 -7.1048184E-05 -7.7814868E-05 -4.1416846E-05 -4.6289377E-05
 -5.1161311E-05 -5.6033634E-05 -2.4983632E-05 -2.7922839E-05 -3.0862357E-05
 -3.3802131E-05 -8.3504847E-06 -9.3329782E-06 -1.0315212E-05 -1.1297369E-05
  0.0000000E+00  0.0000000E+00  0.0000000E+00  0.0000000E+00  0.0000000E+00
  0.0000000E+00  0.0000000E+00  0.0000000E+00  0.0000000E+00  0.0000000E+00
  0.0000000E+00  0.0000000E+00  0.0000000E+00  0.0000000E+00  0.0000000E+00
  0.0000000E+00  0.0000000E+00  0.0000000E+00  0.0000000E+00  0.0000000E+00
  0.0000000E+00  0.0000000E+00  0.0000000E+00  0.0000000E+00  0.0000000E+00
  0.0000000E+00  0.0000000E+00  0.0000000E+00  0.0000000E+00  0.0000000E+00
  0.0000000E+00  0.0000000E+00  0.0000000E+00  0.0000000E+00  0.0000000E+00
  0.0000000E+00  0.0000000E+00  0.0000000E+00  0.0000000E+00  0.0000000E+00
  0.0000000E+00  0.0000000E+00  0.0000000E+00  0.0000000E+00  0.0000000E+00
  0.0000000E+00  0.0000000E+00  0.0000000E+00  0.0000000E+00  0.0000000E+00
  0.0000000E+00  0.0000000E+00  0.0000000E+00  0.0000000E+00  0.0000000E+00
  0.0000000E+00  0.0000000E+00  0.0000000E+00  0.0000000E+00  0.0000000E+00
  0.0000000E+00  0.0000000E+00  0.0000000E+00  0.0000000E+00  0.0000000E+00
  0.0000000E+00  0.0000000E+00  0.0000000E+00  0.0000000E+00  0.0000000E+00
  0.0000000E+00  0.0000000E+00  0.0000000E+00  0.0000000E+00  0.0000000E+00
  0.0000000E+00  0.0000000E+00  0.0000000E+00  0.0000000E+00  0.0000000E+00
  0.0000000E+00  0.0000000E+00  0.0000000E+00  0.0000000E+00  0.0000000E+00
  0.0000000E+00  0.0000000E+00  0.0000000E+00  0.0000000E+00  0.0000000E+00
  0.0000000E+00  0.0000000E+00  0.0000000E+00  0.0000000E+00  0.0000000E+00
  0.0000000E+00  0.0000000E+00  0.0000000E+00  0.0000000E+00  0.0000000E+00
  0.0000000E+00  0.0000000E+00  0.0000000E+00  0.0000000E+00  0.0000000E+00
  0.0000000E+00  0.0000000E+00  0.0000000E+00  0.0000000E+00  0.0000000E+00
  0.0000000E+00  0.0000000E+00  0.0000000E+00  0.0000000E+00  0.0000000E+00
  0.0000000E+00  0.0000000E+00  0.0000000E+00  0.0000000E+00  0.0000000E+00
  0.0000000E+00  0.0000000E+00  0.0000000E+00  0.0000000E+00  0.0000000E+00
  0.0000000E+00  0.0000000E+00  0.0000000E+00  0.0000000E+00  0.0000000E+00
  0.0000000E+00  0.0000000E+00  0.0000000E+00  0.0000000E+00  0.0000000E+00
  0.0000000E+00  0.0000000E+00  0.0000000E+00  0.0000000E+00  0.0000000E+00
  0.0000000E+00  0.0000000E+00  0.0000000E+00  0.0000000E+00  0.0000000E+00
  0.0000000E+00  0.0000000E+00  0.0000000E+00  0.0000000E+00  0.0000000E+00
  0.0000000E+00  0.0000000E+00  0.0000000E+00  0.0000000E+00  0.0000000E+00
  0.0000000E+00  0.0000000E+00  0.0000000E+00  0.0000000E+00  0.0000000E+00
  0.0000000E+00  0.0000000E+00  0.0000000E+00  0.0000000E+00  0.0000000E+00
  0.0000000E+00  0.0000000E+00  0.0000000E+00  0.0000000E+00  0.0000000E+00
  0.0000000E+00  0.0000000E+00  0.0000000E+00  0.0000000E+00  0.0000000E+00
  0.0000000E+00  0.0000000E+00  0.0000000E+00  0.0000000E+00  0.0000000E+00
  0.0000000E+00  0.0000000E+00  0.0000000E+00  0.0000000E+00  0.0000000E+00
  0.0000000E+00  0.0000000E+00  0.0000000E+00  0.0000000E+00  0.0000000E+00
  0.0000000E+00  0.0000000E+00  0.0000000E+00  0.0000000E+00  0.0000000E+00
  0.0000000E+00  0.0000000E+00  0.0000000E+00  0.0000000E+00  0.0000000E+00
  0.0000000E+00  0.0000000E+00  0.0000000E+00  0.0000000E+00  0.0000000E+00
  0.0000000E+00  0.0000000E+00  0.0000000E+00  0.0000000E+00  0.0000000E+00
 -8.0664997E-04 -9.0155011E-04 -9.9645276E-04 -1.0913515E-03 -8.0665329E-04
 -9.0155296E-04 -9.9645241E-04 -1.0913503E-03 -8.0665096E-04 -9.0155058E-04
 -9.9645101E-04 -1.0913525E-03 -8.0664962E-04 -9.0155244E-04 -9.9645369E-04
 -1.0913508E-03 -8.0664852E-04 -9.0155029E-04 -9.9645299E-04 -1.0913522E-03
 -8.0665201E-04 -9.0155052E-04 -9.9645415E-04 -1.0913530E-03 -8.0665195E-04
 -9.0155256E-04 -9.9645078E-04 -1.0913513E-03 -8.0665230E-04 -9.0154971E-04
 -9.9644845E-04 -1.0913521E-03 -8.0665230E-04 -9.0155320E-04 -9.9645171E-04
 -1.0913552E-03 -8.0664817E-04 -9.0154895E-04 -9.9645054E-04 -1.0913517E-03
 -8.0665096E-04 -9.0155395E-04 -9.9645264E-04 -1.0913508E-03 -8.0665195E-04
 -9.0155296E-04 -9.9644961E-04 -1.0913508E-03 -8.0665172E-04 -9.0155337E-04
 -9.9645148E-04 -1.0913529E-03 -8.0664898E-04 -9.0154976E-04 -9.9644868E-04
 -1.0913484E-03 -8.0665096E-04 -9.0155122E-04 -9.9645485E-04 -1.0913525E-03
 -8.0665242E-04 -9.0155198E-04 -9.9644973E-04 -1.0913495E-03 -8.0665015E-04
 -9.0155232E-04 -9.9645264E-04 -1.0913506E-03 -8.0664986E-04 -9.0155058E-04
 -9.9645404E-04 -1.0913512E-03 -8.0665009E-04 -9.0155221E-04 -9.9645264E-04
 -1.0913505E-03 -8.0665242E-04 -9.0155203E-04 -9.9644973E-04 -1.0913495E-03
 -8.0665096E-04 -9.0155128E-04 -9.9645474E-04 -1.0913525E-03 -8.0664910E-04
 -9.0154971E-04 -9.9644868E-04 -1.0913485E-03 -8.0665172E-04 -9.0155337E-04
 -9.9645148E-04 -1.0913528E-03 -8.0665195E-04 -9.0155296E-04 -9.9644961E-04
 -1.0913508E-03 -8.0665096E-04 -9.0155401E-04 -9.9645264E-04 -1.0913507E-03
 -8.0664817E-04 -9.0154895E-04 -9.9645054E-04 -1.0913518E-03 -8.0665224E-04
 -9.0155320E-04 -9.9645171E-04 -1.0913551E-03 -8.0665230E-04 -9.0154959E-04
 -9.9644868E-04 -1.0913521E-03 -8.0665195E-04 -9.0155256E-04 -9.9645078E-04
 -1.0913513E-03 -8.0665201E-04 -9.0155052E-04 -9.9645404E-04 -1.0913531E-03
 -8.0664852E-04 -9.0155029E-04 -9.9645299E-04 -1.0913522E-03 -8.0664962E-04
 -9.0155238E-04 -9.9645369E-04 -1.0913508E-03 -8.0665096E-04 -9.0155058E-04
 -9.9645089E-04 -1.0913525E-03 -8.0665329E-04 -9.0155296E-04 -9.9645229E-04
 -1.0913503E-03 -8.0664997E-04 -9.0155011E-04 -9.9645276E-04 -1.0913515E-03
  0.0000000E+00  0.0000000E+00  0.0000000E+00  0.0000000E+00  0.0000000E+00
  0.0000000E+00  0.0000000E+00  0.0000000E+00  0.0000000E+00  0.0000000E+00
  0.0000000E+00  0.0000000E+00  0.0000000E+00  0.0000000E+00  0.0000000E+00
  0.0000000E+00  0.0000000E+00  0.0000000E+00  0.0000000E+00  0.0000000E+00
  0.0000000E+00  0.0000000E+00  0.0000000E+00  0.0000000E+00  0.0000000E+00
  0.0000000E+00  0.0000000E+00  0.0000000E+00  0.0000000E+00  0.0000000E+00
  0.0000000E+00  0.0000000E+00  0.0000000E+00  0.0000000E+00  0.0000000E+00
  0.0000000E+00  0.0000000E+00  0.0000000E+00  0.0000000E+00  0.0000000E+00
  0.0000000E+00  0.0000000E+00  0.0000000E+00  0.0000000E+00  0.0000000E+00
  0.0000000E+00  0.0000000E+00  0.0000000E+00  0.0000000E+00  0.0000000E+00
  0.0000000E+00  0.0000000E+00  0.0000000E+00  0.0000000E+00  0.0000000E+00
  0.0000000E+00  0.0000000E+00  0.0000000E+00  0.0000000E+00  0.0000000E+00
  0.0000000E+00  0.0000000E+00  0.0000000E+00  0.0000000E+00  0.0000000E+00
  0.0000000E+00  0.0000000E+00  0.0000000E+00  0.0000000E+00  0.0000000E+00
  0.0000000E+00  0.0000000E+00  0.0000000E+00  0.0000000E+00  0.0000000E+00
  0.0000000E+00  0.0000000E+00  0.0000000E+00  0.0000000E+00  0.0000000E+00
  0.0000000E+00  0.0000000E+00  0.0000000E+00  0.0000000E+00  0.0000000E+00
  0.0000000E+00  0.0000000E+00  0.0000000E+00  0.0000000E+00  0.0000000E+00
  0.0000000E+00  0.0000000E+00  0.0000000E+00  0.0000000E+00  0.0000000E+00
  0.0000000E+00  0.0000000E+00  0.0000000E+00  0.0000000E+00  0.0000000E+00
  0.0000000E+00  0.0000000E+00  0.0000000E+00  0.0000000E+00  0.0000000E+00
  0.0000000E+00  0.0000000E+00  0.0000000E+00  0.0000000E+00  0.0000000E+00
  0.0000000E+00  0.0000000E+00  0.0000000E+00  0.0000000E+00  0.0000000E+00
  0.0000000E+00  0.0000000E+00  0.0000000E+00  0.0000000E+00  0.0000000E+00
  0.0000000E+00  0.0000000E+00  0.0000000E+00  0.0000000E+00  0.0000000E+00
  0.0000000E+00  0.0000000E+00  0.0000000E+00  0.0000000E+00  0.0000000E+00
  0.0000000E+00  0.0000000E+00  0.0000000E+00  0.0000000E+00  0.0000000E+00
  0.0000000E+00  0.0000000E+00  0.0000000E+00  0.0000000E+00  0.0000000E+00
  0.0000000E+00  0.0000000E+00  0.0000000E+00  0.0000000E+00  0.0000000E+00
  0.0000000E+00  0.0000000E+00  0.0000000E+00  0.0000000E+00  0.0000000E+00
  0.0000000E+00  0.0000000E+00  0.0000000E+00  0.0000000E+00  0.0000000E+00
  0.0000000E+00  0.0000000E+00  0.0000000E+00  0.0000000E+00  0.0000000E+00
  0.0000000E+00  0.0000000E+00  0.0000000E+00  0.0000000E+00  0.0000000E+00
  0.0000000E+00  0.0000000E+00  0.0000000E+00  0.0000000E+00  0.0000000E+00
  0.0000000E+00  0.0000000E+00  0.0000000E+00  0.0000000E+00  0.0000000E+00
  0.0000000E+00  0.0000000E+00  0.0000000E+00  0.0000000E+00  0.0000000E+00
  0.0000000E+00  0.0000000E+00  0.0000000E+00  0.0000000E+00  0.0000000E+00
  0.0000000E+00  0.0000000E+00  0.0000000E+00  0.0000000E+00  0.0000000E+00
  0.0000000E+00  0.0000000E+00  0.0000000E+00  0.0000000E+00  0.0000000E+00
  0.0000000E+00  0.0000000E+00  0.0000000E+00  0.0000000E+00  0.0000000E+00
  0.0000000E+00  0.0000000E+00  0.0000000E+00  0.0000000E+00  0.0000000E+00
  0.0000000E+00  0.0000000E+00  0.0000000E+00  0.0000000E+00  0.0000000E+00
 -8.0664997E-04 -9.0155011E-04 -9.9645276E-04 -1.0913515E-03 -8.0665329E-04
 -9.0155296E-04 -9.9645241E-04 -1.0913503E-03 -8.0665096E-04 -9.0155058E-04
 -9.9645101E-04 -1.0913525E-03 -8.0664962E-04 -9.0155244E-04 -9.9645369E-04
 -1.0913508E-03 -8.0664852E-04 -9.0155029E-04 -9.9645299E-04 -1.0913522E-03
 -8.0665201E-04 -9.0155052E-04 -9.9645415E-04 -1.0913530E-03 -8.0665195E-04
 -9.0155256E-04 -9.9645078E-04 -1.0913513E-03 -8.0665230E-04 -9.0154971E-04
 -9.9644845E-04 -1.0913521E-03 -8.0665230E-04 -9.0155320E-04 -9.9645171E-04
 -1.0913552E-03 -8.0664817E-04 -9.0154895E-04 -9.9645054E-04 -1.0913517E-03
 -8.0665096E-04 -9.0155395E-04 -9.9645264E-04 -1.0913508E-03 -8.0665195E-04
 -9.0155296E-04 -9.9644961E-04 -1.0913508E-03 -8.0665172E-04 -9.0155337E-04
 -9.9645148E-04 -1.0913529E-03 -8.0664898E-04 -9.0154976E-04 -9.9644868E-04
 -1.0913484E-03 -8.0665096E-04 -9.0155122E-04 -9.9645485E-04 -1.0913525E-03
 -8.0665242E-04 -9.0155198E-04 -9.9644973E-04 -1.0913495E-03 -8.0665015E-04
 -9.0155232E-04 -9.9645264E-04 -1.0913506E-03 -8.0664986E-04 -9.0155058E-04
 -9.9645404E-04 -1.0913512E-03 -8.0665009E-04 -9.0155221E-04 -9.9645264E-04
 -1.0913505E-03 -8.0665242E-04 -9.0155203E-04 -9.9644973E-04 -1.0913495E-03
 -8.0665096E-04 -9.0155128E-04 -9.9645474E-04 -1.0913525E-03 -8.0664910E-04
 -9.0154971E-04 -9.9644868E-04 -1.0913485E-03 -8.0665172E-04 -9.0155337E-04
 -9.9645148E-04 -1.0913528E-03 -8.0665195E-04 -9.0155296E-04 -9.9644961E-04
 -1.0913508E-03 -8.0665096E-04 -9.0155401E-04 -9.9645264E-04 -1.0913507E-03
 -8.0664817E-04 -9.0154895E-04 -9.9645054E-04 -1.0913518E-03 -8.0665224E-04
 -9.0155320E-04 -9.9645171E-04 -1.0913551E-03 -8.0665230E-04 -9.0154959E-04
 -9.9644868E-04 -1.0913521E-03 -8.0665195E-04 -9.0155256E-04 -9.9645078E-04
 -1.0913513E-03 -8.0665201E-04 -9.0155052E-04 -9.9645404E-04 -1.0913531E-03
 -8.0664852E-04 -9.0155029E-04 -9.9645299E-04 -1.0913522E-03 -8.0664962E-04
 -9.0155238E-04 -9.9645369E-04 -1.0913508E-03 -8.0665096E-04 -9.0155058E-04
 -9.9645089E-04 -1.0913525E-03 -8.0665329E-04 -9.0155296E-04 -9.9645229E-04
 -1.0913503E-03 -8.0664997E-04 -9.0155011E-04 -9.9645276E-04 -1.0913515E-03
  2.3149207E-05  2.1035936E-05  1.8922799E-05  1.6809588E-05  1.4696344E-05
  1.2583178E-05  6.9263282E-05  6.2940286E-05  5.6617711E-05  5.0294901E-05
  4.3971995E-05  3.7649334E-05  1.1481773E-04  1.0433610E-04  9.3855168E-05
  8.3373845E-05  7.2892370E-05  6.2411280E-05  1.5944910E-04  1.4489313E-04
  1.3033809E-04  1.1578252E-04  1.0122675E-04  8.6671498E-05  2.0279577E-04
  1.8428270E-04  1.6577085E-04  1.4725832E-04  1.2874549E-04  1.1023338E-04
  2.4451097E-04  2.2218976E-04  1.9986999E-04  1.7754942E-04  1.5522851E-04
  1.3290843E-04  2.8425537E-04  2.5830592E-04  2.3235817E-04  2.0640947E-04
  1.8046037E-04  1.5451225E-04  3.2171211E-04  2.9234332E-04  2.6297636E-04
  2.3360837E-04  2.0423991E-04  1.7487258E-04  3.5658060E-04  3.2402863E-04
  2.9147879E-04  2.5892776E-04  2.2637624E-04  1.9382594E-04  3.8857519E-04
  3.5310248E-04  3.1763208E-04  2.8216036E-04  2.4668814E-04  2.1121719E-04
  4.1744314E-04  3.7933511E-04  3.4122949E-04  3.0312254E-04  2.6501500E-04
  2.2690890E-04  4.4294866E-04  4.0251226E-04  3.6207846E-04  3.2164317E-04
  2.8120726E-04  2.4077290E-04  4.6488867E-04  4.2244932E-04  3.8001279E-04
  3.3757469E-04  2.9513595E-04  2.5269878E-04  4.8308482E-04  4.3898440E-04
  3.9488685E-04  3.5078771E-04  3.0668787E-04  2.6258969E-04  4.9739290E-04
  4.5198639E-04  4.0658267E-04  3.6117740E-04  3.1577141E-04  2.7036711E-04
  5.0769496E-04  4.6134793E-04  4.1500386E-04  3.6865810E-04  3.2231168E-04
  2.7596694E-04  5.1391014E-04  4.6699573E-04  4.2008431E-04  3.7317118E-04
  3.2625737E-04  2.7934532E-04  5.1598827E-04  4.6888407E-04  4.2178298E-04
  3.7468018E-04  3.2757665E-04  2.8047489E-04  5.1391014E-04  4.6699573E-04
  4.2008431E-04  3.7317118E-04  3.2625737E-04  2.7934532E-04  5.0769496E-04
  4.6134793E-04  4.1500386E-04  3.6865810E-04  3.2231168E-04  2.7596694E-04
  4.9739290E-04  4.5198639E-04  4.0658267E-04  3.6117740E-04  3.1577141E-04
  2.7036711E-04  4.8308482E-04  4.3898440E-04  3.9488685E-04  3.5078771E-04
  3.0668787E-04  2.6258969E-04  4.6488867E-04  4.2244932E-04  3.8001279E-04
  3.3757469E-04  2.9513595E-04  2.5269878E-04  4.4294866E-04  4.0251226E-04
  3.6207846E-04  3.2164317E-04  2.8120726E-04  2.4077290E-04  4.1744314E-04
  3.7933511E-04  3.4122949E-04  3.0312254E-04  2.6501500E-04  2.2690890E-04
  3.8857519E-04  3.5310248E-04  3.1763208E-04  2.8216036E-04  2.4668814E-04
  2.1121719E-04  3.5658060E-04  3.2402863E-04  2.9147879E-04  2.5892776E-04
  2.2637624E-04  1.9382594E-04  3.2171211E-04  2.9234332E-04  2.6297636E-04
  2.3360837E-04  2.0423991E-04  1.7487258E-04  2.8425537E-04  2.5830592E-04
  2.3235817E-04  2.0640947E-04  1.8046037E-04  1.5451225E-04  2.4451097E-04
  2.2218976E-04  1.9986999E-04  1.7754942E-04  1.5522851E-04  1.3290843E-04
  2.0279577E-04  1.8428270E-04  1.6577085E-04  1.4725832E-04  1.2874549E-04
  1.1023338E-04  1.5944910E-04  1.4489313E-04  1.3033809E-04  1.1578252E-04
  1.0122675E-04  8.6671498E-05  1.1481773E-04  1.0433610E-04  9.3855168E-05
  8.3373845E-05  7.2892370E-05  6.2411280E-05  6.9263282E-05  6.2940286E-05
  5.6617711E-05  5.0294901E-05  4.3971995E-05  3.7649334E-05  2.3149207E-05
  2.1035936E-05  1.8922799E-05  1.6809588E-05  1.4696344E-05  1.2583178E-05
 -6.2847307E-06 -8.4074018E-06 -1.0821750E-05 -1.3527590E-05 -1.8804027E-05
 -2.5155092E-05 -3.2378182E-05 -4.0473351E-05 -3.1171203E-05 -4.1699372E-05
 -5.3673735E-05 -6.7093941E-05 -4.3287953E-05 -5.7908739E-05 -7.4537522E-05
 -9.3173665E-05 -5.5056156E-05 -7.3651485E-05 -9.4800831E-05 -1.1850365E-04
 -6.6381086E-05 -8.8801091E-05 -1.1430114E-04 -1.4287942E-04 -7.7171549E-05
 -1.0323646E-04 -1.3288080E-04 -1.6610479E-04 -8.7340843E-05 -1.1683966E-04
 -1.5039014E-04 -1.8799277E-04 -9.6806369E-05 -1.2950283E-04 -1.6668954E-04
 -2.0836768E-04 -1.0549218E-04 -1.4112248E-04 -1.8164664E-04 -2.2706376E-04
 -1.1332961E-04 -1.5160747E-04 -1.9514155E-04 -2.4393181E-04 -1.2025439E-04
 -1.6087064E-04 -2.0706403E-04 -2.5883643E-04 -1.2621068E-04 -1.6883884E-04
 -2.1732064E-04 -2.7165751E-04 -1.3115043E-04 -1.7544684E-04 -2.2582649E-04
 -2.8228955E-04 -1.3503496E-04 -1.8064307E-04 -2.3251634E-04 -2.9065105E-04
 -1.3783222E-04 -1.8438514E-04 -2.3733119E-04 -2.9667057E-04 -1.3951906E-04
 -1.8664231E-04 -2.4023713E-04 -3.0030246E-04 -1.4008294E-04 -1.8739612E-04
 -2.4120865E-04 -3.0151629E-04 -1.3951908E-04 -1.8664222E-04 -2.4023712E-04
 -3.0030243E-04 -1.3783222E-04 -1.8438509E-04 -2.3733120E-04 -2.9667054E-04
 -1.3503496E-04 -1.8064308E-04 -2.3251629E-04 -2.9065108E-04 -1.3115043E-04
 -1.7544682E-04 -2.2582652E-04 -2.8228961E-04 -1.2621068E-04 -1.6883884E-04
 -2.1732069E-04 -2.7165748E-04 -1.2025442E-04 -1.6087064E-04 -2.0706400E-04
 -2.5883643E-04 -1.1332961E-04 -1.5160750E-04 -1.9514156E-04 -2.4393179E-04
 -1.0549218E-04 -1.4112248E-04 -1.8164665E-04 -2.2706384E-04 -9.6806369E-05
 -1.2950283E-04 -1.6668953E-04 -2.0836765E-04 -8.7340828E-05 -1.1683965E-04
 -1.5039016E-04 -1.8799280E-04 -7.7171557E-05 -1.0323647E-04 -1.3288078E-04
 -1.6610479E-04 -6.6381079E-05 -8.8801084E-05 -1.1430114E-04 -1.4287941E-04
 -5.5056156E-05 -7.3651478E-05 -9.4800816E-05 -1.1850365E-04 -4.3287953E-05
 -5.7908735E-05 -7.4537507E-05 -9.3173658E-05 -3.1171203E-05 -4.1699364E-05
 -5.3673732E-05 -6.7093941E-05 -1.8804030E-05 -2.5155092E-05 -3.2378179E-05
 -4.0473347E-05 -6.2847339E-06 -8.4074018E-06 -1.0821752E-05 -1.3527590E-05
 -2.3149207E-05 -2.1035936E-05 -1.8922799E-05 -1.6809588E-05 -1.4696344E-05
 -1.2583178E-05 -6.9263282E-05 -6.2940286E-05 -5.6617711E-05 -5.0294901E-05
 -4.3971995E-05 -3.7649334E-05 -1.1481773E-04 -1.0433610E-04 -9.3855168E-05
 -8.3373845E-05 -7.2892370E-05 -6.2411280E-05 -1.5944910E-04 -1.4489313E-04
 -1.3033809E-04 -1.1578252E-04 -1.0122675E-04 -8.6671498E-05 -2.0279577E-04
 -1.8428270E-04 -1.6577085E-04 -1.4725832E-04 -1.2874549E-04 -1.1023338E-04
 -2.4451097E-04 -2.2218976E-04 -1.9986999E-04 -1.7754942E-04 -1.5522851E-04
 -1.3290843E-04 -2.8425537E-04 -2.5830592E-04 -2.3235817E-04 -2.0640947E-04
 -1.8046037E-04 -1.5451225E-04 -3.2171211E-04 -2.9234332E-04 -2.6297636E-04
 -2.3360837E-04 -2.0423991E-04 -1.7487258E-04 -3.5658060E-04 -3.2402863E-04
 -2.9147879E-04 -2.5892776E-04 -2.2637624E-04 -1.9382594E-04 -3.8857519E-04
 -3.5310248E-04 -3.1763208E-04 -2.8216036E-04 -2.4668814E-04 -2.1121719E-04
 -4.1744314E-04 -3.7933511E-04 -3.4122949E-04 -3.0312254E-04 -2.6501500E-04
 -2.2690890E-04 -4.4294866E-04 -4.0251226E-04 -3.6207846E-04 -3.2164317E-04
 -2.8120726E-04 -2.4077290E-04 -4.6488867E-04 -4.2244932E-04 -3.8001279E-04
 -3.3757469E-04 -2.9513595E-04 -2.5269878E-04 -4.8308482E-04 -4.3898440E-04
 -3.9488685E-04 -3.5078771E-04 -3.0668787E-04 -2.6258969E-04 -4.9739290E-04
 -4.5198639E-04 -4.0658267E-04 -3.6117740E-04 -3.1577141E-04 -2.7036711E-04
 -5.0769496E-04 -4.6134793E-04 -4.1500386E-04 -3.6865810E-04 -3.2231168E-04
 -2.7596694E-04 -5.1391014E-04 -4.6699573E-04 -4.2008431E-04 -3.7317118E-04
 -3.2625737E-04 -2.7934532E-04 -5.1598827E-04 -4.6888407E-04 -4.2178298E-04
 -3.7468018E-04 -3.2757665E-04 -2.8047489E-04 -5.1391014E-04 -4.6699573E-04
 -4.2008431E-04 -3.7317118E-04 -3.2625737E-04 -2.7934532E-04 -5.0769496E-04
 -4.6134793E-04 -4.1500386E-04 -3.6865810E-04 -3.2231168E-04 -2.7596694E-04
 -4.9739290E-04 -4.5198639E-04 -4.0658267E-04 -3.6117740E-04 -3.1577141E-04
 -2.7036711E-04 -4.8308482E-04 -4.3898440E-04 -3.9488685E-04 -3.5078771E-04
 -3.0668787E-04 -2.6258969E-04 -4.6488867E-04 -4.2244932E-04 -3.8001279E-04
 -3.3757469E-04 -2.9513595E-04 -2.5269878E-04 -4.4294866E-04 -4.0251226E-04
 -3.6207846E-04 -3.2164317E-04 -2.8120726E-04 -2.4077290E-04 -4.1744314E-04
 -3.7933511E-04 -3.4122949E-04 -3.0312254E-04 -2.6501500E-04 -2.2690890E-04
 -3.8857519E-04 -3.5310248E-04 -3.1763208E-04 -2.8216036E-04 -2.4668814E-04
 -2.1121719E-04 -3.5658060E-04 -3.2402863E-04 -2.9147879E-04 -2.5892776E-04
 -2.2637624E-04 -1.9382594E-04 -3.2171211E-04 -2.9234332E-04 -2.6297636E-04
 -2.3360837E-04 -2.0423991E-04 -1.7487258E-04 -2.8425537E-04 -2.5830592E-04
 -2.3235817E-04 -2.0640947E-04 -1.8046037E-04 -1.5451225E-04 -2.4451097E-04
 -2.2218976E-04 -1.9986999E-04 -1.7754942E-04 -1.5522851E-04 -1.3290843E-04
 -2.0279577E-04 -1.8428270E-04 -1.6577085E-04 -1.4725832E-04 -1.2874549E-04
 -1.1023338E-04 -1.5944910E-04 -1.4489313E-04 -1.3033809E-04 -1.1578252E-04
 -1.0122675E-04 -8.6671498E-05 -1.1481773E-04 -1.0433610E-04 -9.3855168E-05
 -8.3373845E-05 -7.2892370E-05 -6.2411280E-05 -6.9263282E-05 -6.2940286E-05
 -5.6617711E-05 -5.0294901E-05 -4.3971995E-05 -3.7649334E-05 -2.3149207E-05
 -2.1035936E-05 -1.8922799E-05 -1.6809588E-05 -1.4696344E-05 -1.2583178E-05
  6.2847307E-06  8.4074018E-06  1.0821750E-05  1.3527590E-05  1.8804027E-05
  2.5155092E-05  3.2378182E-05  4.0473351E-05  3.1171203E-05  4.1699372E-05
  5.3673735E-05  6.7093941E-05  4.3287953E-05  5.7908739E-05  7.4537522E-05
  9.3173665E-05  5.5056156E-05  7.3651485E-05  9.4800831E-05  1.1850365E-04
  6.6381086E-05  8.8801091E-05  1.1430114E-04  1.4287942E-04  7.7171549E-05
  1.0323646E-04  1.3288080E-04  1.6610479E-04  8.7340843E-05  1.1683966E-04
  1.5039014E-04  1.8799277E-04  9.6806369E-05  1.2950283E-04  1.6668954E-04
  2.0836768E-04  1.0549218E-04  1.4112248E-04  1.8164664E-04  2.2706376E-04
  1.1332961E-04  1.5160747E-04  1.9514155E-04  2.4393181E-04  1.2025439E-04
  1.6087064E-04  2.0706403E-04  2.5883643E-04  1.2621068E-04  1.6883884E-04
  2.1732064E-04  2.7165751E-04  1.3115043E-04  1.7544684E-04  2.2582649E-04
  2.8228955E-04  1.3503496E-04  1.8064307E-04  2.3251634E-04  2.9065105E-04
  1.3783222E-04  1.8438514E-04  2.3733119E-04  2.9667057E-04  1.3951906E-04
  1.8664231E-04  2.4023713E-04  3.0030246E-04  1.4008294E-04  1.8739612E-04
  2.4120865E-04  3.0151629E-04  1.3951908E-04  1.8664222E-04  2.4023712E-04
  3.0030243E-04  1.3783222E-04  1.8438509E-04  2.3733120E-04  2.9667054E-04
  1.3503496E-04  1.8064308E-04  2.3251629E-04  2.9065108E-04  1.3115043E-04
  1.7544682E-04  2.2582652E-04  2.8228961E-04  1.2621068E-04  1.6883884E-04
  2.1732069E-04  2.7165748E-04  1.2025442E-04  1.6087064E-04  2.0706400E-04
  2.5883643E-04  1.1332961E-04  1.5160750E-04  1.9514156E-04  2.4393179E-04
  1.0549218E-04  1.4112248E-04  1.8164665E-04  2.2706384E-04  9.6806369E-05
  1.2950283E-04  1.6668953E-04  2.0836765E-04  8.7340828E-05  1.1683965E-04
  1.5039016E-04  1.8799280E-04  7.7171557E-05  1.0323647E-04  1.3288078E-04
  1.6610479E-04  6.6381079E-05  8.8801084E-05  1.1430114E-04  1.4287941E-04
  5.5056156E-05  7.3651478E-05  9.4800816E-05  1.1850365E-04  4.3287953E-05
  5.7908735E-05  7.4537507E-05  9.3173658E-05  3.1171203E-05  4.1699364E-05
  5.3673732E-05  6.7093941E-05  1.8804030E-05  2.5155092E-05  3.2378179E-05
  4.0473347E-05  6.2847339E-06  8.4074018E-06  1.0821752E-05  1.3527590E-05
 -5.1546830E-04 -4.6841160E-04 -4.2135798E-04 -3.7430265E-04 -3.2724661E-04
 -2.8019230E-04 -5.1131658E-04 -4.6463887E-04 -4.1796421E-04 -3.7128784E-04
 -3.2461085E-04 -2.7793550E-04 -5.0305144E-04 -4.5712828E-04 -4.1120808E-04
 -3.6528622E-04 -3.1936369E-04 -2.7344289E-04 -4.9073307E-04 -4.4593445E-04
 -4.0113871E-04 -3.5634136E-04 -3.1154335E-04 -2.6674700E-04 -4.7446458E-04
 -4.3115110E-04 -3.8784047E-04 -3.4452815E-04 -3.0121527E-04 -2.5790397E-04
 -4.5437602E-04 -4.1289636E-04 -3.7141948E-04 -3.2994105E-04 -2.8846195E-04
 -2.4698445E-04 -4.3063032E-04 -3.9131843E-04 -3.5200911E-04 -3.1269831E-04
 -2.7338692E-04 -2.3407703E-04 -4.0341492E-04 -3.6658748E-04 -3.2976246E-04
 -2.9293611E-04 -2.5610917E-04 -2.1928363E-04 -3.7295331E-04 -3.3890666E-04
 -3.0486227E-04 -2.7081661E-04 -2.3677049E-04 -2.0272561E-04 -3.3948765E-04
 -3.0849609E-04 -2.7750657E-04 -2.4651588E-04 -2.1552473E-04 -1.8453476E-04
 -3.0328927E-04 -2.7560224E-04 -2.4791696E-04 -2.2023075E-04 -1.9254410E-04
 -1.6485846E-04 -2.6464957E-04 -2.4048994E-04 -2.1633186E-04 -1.9217290E-04
 -1.6801359E-04 -1.4385517E-04 -2.2387855E-04 -2.0344085E-04 -1.8300448E-04
 -1.6256738E-04 -1.4212995E-04 -1.2169330E-04 -1.8130524E-04 -1.6475405E-04
 -1.4820391E-04 -1.3165317E-04 -1.1510218E-04 -9.8551805E-05 -1.3727167E-04
 -1.2474025E-04 -1.1220964E-04 -9.9678589E-05 -8.7147331E-05 -7.4616553E-05
 -9.2132890E-05 -8.3722145E-05 -7.5311960E-05 -6.6901463E-05 -5.8490834E-05
 -5.0080529E-05 -4.6252328E-05 -4.2029995E-05 -3.7807928E-05 -3.3585711E-05
 -2.9363428E-05 -2.5141304E-05  0.0000000E+00  0.0000000E+00  0.0000000E+00
  0.0000000E+00  0.0000000E+00  0.0000000E+00  4.6252328E-05  4.2029995E-05
  3.7807928E-05  3.3585711E-05  2.9363428E-05  2.5141304E-05  9.2132890E-05
  8.3722145E-05  7.5311960E-05  6.6901463E-05  5.8490834E-05  5.0080529E-05
  1.3727167E-04  1.2474025E-04  1.1220964E-04  9.9678589E-05  8.7147331E-05
  7.4616553E-05  1.8130524E-04  1.6475405E-04  1.4820391E-04  1.3165317E-04
  1.1510218E-04  9.8551805E-05  2.2387855E-04  2.0344085E-04  1.8300448E-04
  1.6256738E-04  1.4212995E-04  1.2169330E-04  2.6464957E-04  2.4048994E-04
  2.1633186E-04  1.9217290E-04  1.6801359E-04  1.4385517E-04  3.0328927E-04
  2.7560224E-04  2.4791696E-04  2.2023075E-04  1.9254410E-04  1.6485846E-04
  3.3948765E-04  3.0849609E-04  2.7750657E-04  2.4651588E-04  2.1552473E-04
  1.8453476E-04  3.7295331E-04  3.3890666E-04  3.0486227E-04  2.7081661E-04
  2.3677049E-04  2.0272561E-04  4.0341492E-04  3.6658748E-04  3.2976246E-04
  2.9293611E-04  2.5610917E-04  2.1928363E-04  4.3063032E-04  3.9131843E-04
  3.5200911E-04  3.1269831E-04  2.7338692E-04  2.3407703E-04  4.5437602E-04
  4.1289636E-04  3.7141948E-04  3.2994105E-04  2.8846195E-04  2.4698445E-04
  4.7446458E-04  4.3115110E-04  3.8784047E-04  3.4452815E-04  3.0121527E-04
  2.5790397E-04  4.9073307E-04  4.4593445E-04  4.0113871E-04  3.5634136E-04
  3.1154335E-04  2.6674700E-04  5.0305144E-04  4.5712828E-04  4.1120808E-04
  3.6528622E-04  3.1936369E-04  2.7344289E-04  5.1131658E-04  4.6463887E-04
  4.1796421E-04  3.7128784E-04  3.2461085E-04  2.7793550E-04  5.1546830E-04
  4.6841160E-04  4.2135798E-04  3.7430265E-04  3.2724661E-04  2.8019230E-04
  1.3994197E-04  1.8720745E-04  2.4096543E-04  3.0121309E-04  1.3881577E-04
  1.8570072E-04  2.3902509E-04  2.9878764E-04  1.3657108E-04  1.8269796E-04
  2.3516022E-04  2.9395724E-04  1.3322670E-04  1.7822492E-04  2.2940301E-04
  2.8675920E-04  1.2880986E-04  1.7231597E-04  2.2179782E-04  2.7725316E-04
  1.2335680E-04  1.6502019E-04  2.1240722E-04  2.6551474E-04  1.1690983E-04
  1.5639614E-04  2.0130535E-04  2.5163763E-04  1.0952160E-04  1.4651213E-04
  1.8858325E-04  2.3573545E-04  1.0125175E-04  1.3544956E-04  1.7434382E-04
  2.1793570E-04  9.2165930E-05  1.2329516E-04  1.5869972E-04  1.9837948E-04
  8.2338760E-05  1.1014918E-04  1.4177858E-04  1.7722699E-04  7.1848626E-05
  9.6115728E-05  1.2371512E-04  1.5464761E-04  6.0779825E-05  8.1308477E-05
  1.0465598E-04  1.3082326E-04  4.9221573E-05  6.5846303E-05  8.4754131E-05
  1.0594497E-04  3.7267400E-05  4.9854483E-05  6.4170483E-05  8.0214595E-05
  2.5012832E-05  3.3460787E-05  4.3069136E-05  5.3837830E-05  1.2556849E-05
  1.6798247E-05  2.1621883E-05  2.7027771E-05  0.0000000E+00  0.0000000E+00
  0.0000000E+00  2.5409999E-13 -1.2556849E-05 -1.6798243E-05 -2.1621880E-05
 -2.7027765E-05 -2.5012836E-05 -3.3460790E-05 -4.3069140E-05 -5.3837837E-05
 -3.7267408E-05 -4.9854494E-05 -6.4170483E-05 -8.0214602E-05 -4.9221584E-05
 -6.5846303E-05 -8.4754131E-05 -1.0594496E-04 -6.0779828E-05 -8.1308477E-05
 -1.0465598E-04 -1.3082326E-04 -7.1848626E-05 -9.6115713E-05 -1.2371512E-04
 -1.5464761E-04 -8.2338767E-05 -1.1014918E-04 -1.4177858E-04 -1.7722700E-04
 -9.2165930E-05 -1.2329515E-04 -1.5869972E-04 -1.9837949E-04 -1.0125175E-04
 -1.3544956E-04 -1.7434380E-04 -2.1793568E-04 -1.0952160E-04 -1.4651207E-04
 -1.8858329E-04 -2.3573545E-04 -1.1690983E-04 -1.5639616E-04 -2.0130532E-04
 -2.5163763E-04 -1.2335683E-04 -1.6502019E-04 -2.1240719E-04 -2.6551468E-04
 -1.2880986E-04 -1.7231599E-04 -2.2179782E-04 -2.7725313E-04 -1.3322665E-04
 -1.7822490E-04 -2.2940301E-04 -2.8675920E-04 -1.3657106E-04 -1.8269790E-04
 -2.3516017E-04 -2.9395724E-04 -1.3881577E-04 -1.8570072E-04 -2.3902504E-04
 -2.9878761E-04 -1.3994197E-04 -1.8720742E-04 -2.4096540E-04 -3.0121309E-04
 -5.1546830E-04 -4.6841160E-04 -4.2135798E-04 -3.7430265E-04 -3.2724661E-04
 -2.8019230E-04 -5.1131658E-04 -4.6463887E-04 -4.1796421E-04 -3.7128784E-04
 -3.2461085E-04 -2.7793550E-04 -5.0305144E-04 -4.5712828E-04 -4.1120808E-04
 -3.6528622E-04 -3.1936369E-04 -2.7344289E-04 -4.9073307E-04 -4.4593445E-04
 -4.0113871E-04 -3.5634136E-04 -3.1154335E-04 -2.6674700E-04 -4.7446458E-04
 -4.3115110E-04 -3.8784047E-04 -3.4452815E-04 -3.0121527E-04 -2.5790397E-04
 -4.5437602E-04 -4.1289636E-04 -3.7141948E-04 -3.2994105E-04 -2.8846195E-04
 -2.4698445E-04 -4.3063032E-04 -3.9131843E-04 -3.5200911E-04 -3.1269831E-04
 -2.7338692E-04 -2.3407703E-04 -4.0341492E-04 -3.6658748E-04 -3.2976246E-04
 -2.9293611E-04 -2.5610917E-04 -2.1928363E-04 -3.7295331E-04 -3.3890666E-04
 -3.0486227E-04 -2.7081661E-04 -2.3677049E-04 -2.0272561E-04 -3.3948765E-04
 -3.0849609E-04 -2.7750657E-04 -2.4651588E-04 -2.1552473E-04 -1.8453476E-04
 -3.0328927E-04 -2.7560224E-04 -2.4791696E-04 -2.2023075E-04 -1.9254410E-04
 -1.6485846E-04 -2.6464957E-04 -2.4048994E-04 -2.1633186E-04 -1.9217290E-04
 -1.6801359E-04 -1.4385517E-04 -2.2387855E-04 -2.0344085E-04 -1.8300448E-04
 -1.6256738E-04 -1.4212995E-04 -1.2169330E-04 -1.8130524E-04 -1.6475405E-04
 -1.4820391E-04 -1.3165317E-04 -1.1510218E-04 -9.8551805E-05 -1.3727167E-04
 -1.2474025E-04 -1.1220964E-04 -9.9678589E-05 -8.7147331E-05 -7.4616553E-05
 -9.2132890E-05 -8.3722145E-05 -7.5311960E-05 -6.6901463E-05 -5.8490834E-05
 -5.0080529E-05 -4.6252328E-05 -4.2029995E-05 -3.7807928E-05 -3.3585711E-05
 -2.9363428E-05 -2.5141304E-05  0.0000000E+00  0.0000000E+00  0.0000000E+00
  0.0000000E+00  0.0000000E+00  0.0000000E+00  4.6252328E-05  4.2029995E-05
  3.7807928E-05  3.3585711E-05  2.9363428E-05  2.5141304E-05  9.2132890E-05
  8.3722145E-05  7.5311960E-05  6.6901463E-05  5.8490834E-05  5.0080529E-05
  1.3727167E-04  1.2474025E-04  1.1220964E-04  9.9678589E-05  8.7147331E-05
  7.4616553E-05  1.8130524E-04  1.6475405E-04  1.4820391E-04  1.3165317E-04
  1.1510218E-04  9.8551805E-05  2.2387855E-04  2.0344085E-04  1.8300448E-04
  1.6256738E-04  1.4212995E-04  1.2169330E-04  2.6464957E-04  2.4048994E-04
  2.1633186E-04  1.9217290E-04  1.6801359E-04  1.4385517E-04  3.0328927E-04
  2.7560224E-04  2.4791696E-04  2.2023075E-04  1.9254410E-04  1.6485846E-04
  3.3948765E-04  3.0849609E-04  2.7750657E-04  2.4651588E-04  2.1552473E-04
  1.8453476E-04  3.7295331E-04  3.3890666E-04  3.0486227E-04  2.7081661E-04
  2.3677049E-04  2.0272561E-04  4.0341492E-04  3.6658748E-04  3.2976246E-04
  2.9293611E-04  2.5610917E-04  2.1928363E-04  4.3063032E-04  3.9131843E-04
  3.5200911E-04  3.1269831E-04  2.7338692E-04  2.3407703E-04  4.5437602E-04
  4.1289636E-04  3.7141948E-04  3.2994105E-04  2.8846195E-04  2.4698445E-04
  4.7446458E-04  4.3115110E-04  3.8784047E-04  3.4452815E-04  3.0121527E-04
  2.5790397E-04  4.9073307E-04  4.4593445E-04  4.0113871E-04  3.5634136E-04
  3.1154335E-04  2.6674700E-04  5.0305144E-04  4.5712828E-04  4.1120808E-04
  3.6528622E-04  3.1936369E-04  2.7344289E-04  5.1131658E-04  4.6463887E-04
  4.1796421E-04  3.7128784E-04  3.2461085E-04  2.7793550E-04  5.1546830E-04
  4.6841160E-04  4.2135798E-04  3.7430265E-04  3.2724661E-04  2.8019230E-04
  1.3994197E-04  1.8720745E-04  2.4096543E-04  3.0121309E-04  1.3881577E-04
  1.8570072E-04  2.3902509E-04  2.9878764E-04  1.3657108E-04  1.8269796E-04
  2.3516022E-04  2.9395724E-04  1.3322670E-04  1.7822492E-04  2.2940301E-04
  2.8675920E-04  1.2880986E-04  1.7231597E-04  2.2179782E-04  2.7725316E-04
  1.2335680E-04  1.6502019E-04  2.1240722E-04  2.6551474E-04  1.1690983E-04
  1.5639614E-04  2.0130535E-04  2.5163763E-04  1.0952160E-04  1.4651213E-04
  1.8858325E-04  2.3573545E-04  1.0125175E-04  1.3544956E-04  1.7434382E-04
  2.1793570E-04  9.2165930E-05  1.2329516E-04  1.5869972E-04  1.9837948E-04
  8.2338760E-05  1.1014918E-04  1.4177858E-04  1.7722699E-04  7.1848626E-05
  9.6115728E-05  1.2371512E-04  1.5464761E-04  6.0779825E-05  8.1308477E-05
  1.0465598E-04  1.3082326E-04  4.9221573E-05  6.5846303E-05  8.4754131E-05
  1.0594497E-04  3.7267400E-05  4.9854483E-05  6.4170483E-05  8.0214595E-05
  2.5012832E-05  3.3460787E-05  4.3069136E-05  5.3837830E-05  1.2556849E-05
  1.6798247E-05  2.1621883E-05  2.7027771E-05  0.0000000E+00  0.0000000E+00
  0.0000000E+00  2.5409999E-13 -1.2556849E-05 -1.6798243E-05 -2.1621880E-05
 -2.7027765E-05 -2.5012836E-05 -3.3460790E-05 -4.3069140E-05 -5.3837837E-05
 -3.7267408E-05 -4.9854494E-05 -6.4170483E-05 -8.0214602E-05 -4.9221584E-05
 -6.5846303E-05 -8.4754131E-05 -1.0594496E-04 -6.0779828E-05 -8.1308477E-05
 -1.0465598E-04 -1.3082326E-04 -7.1848626E-05 -9.6115713E-05 -1.2371512E-04
 -1.5464761E-04 -8.2338767E-05 -1.1014918E-04 -1.4177858E-04 -1.7722700E-04
 -9.2165930E-05 -1.2329515E-04 -1.5869972E-04 -1.9837949E-04 -1.0125175E-04
 -1.3544956E-04 -1.7434380E-04 -2.1793568E-04 -1.0952160E-04 -1.4651207E-04
 -1.8858329E-04 -2.3573545E-04 -1.1690983E-04 -1.5639616E-04 -2.0130532E-04
 -2.5163763E-04 -1.2335683E-04 -1.6502019E-04 -2.1240719E-04 -2.6551468E-04
 -1.2880986E-04 -1.7231599E-04 -2.2179782E-04 -2.7725313E-04 -1.3322665E-04
 -1.7822490E-04 -2.2940301E-04 -2.8675920E-04 -1.3657106E-04 -1.8269790E-04
 -2.3516017E-04 -2.9395724E-04 -1.3881577E-04 -1.8570072E-04 -2.3902504E-04
 -2.9878761E-04 -1.3994197E-04 -1.8720742E-04 -2.4096540E-04 -3.0121309E-04
 -5.0248505E-10 -5.0248339E-10 -5.0248505E-10 -5.0248494E-10 -5.0248361E-10
 -5.0248494E-10  7.2740491E-10  7.2740253E-10  7.2740491E-10  7.4176137E-10
  7.2261735E-10  7.4176137E-10 -4.4984405E-10 -4.4027149E-10 -4.4984405E-10
 -4.4984400E-10 -4.3070050E-10 -4.4984400E-10  2.2970723E-10  2.2013538E-10
  2.2970723E-10  2.2970720E-10  2.3927768E-10  2.2970720E-10 -1.3399584E-10
 -1.3399540E-10 -1.3399584E-10 -1.1485356E-10 -1.1485325E-10 -1.1485356E-10
  6.6997968E-10  6.8911971E-10  6.6997968E-10  6.8912182E-10  6.6997774E-10
  6.8912182E-10 -1.0336838E-09 -1.0145381E-09 -1.0336838E-09 -9.9539899E-10
 -1.0145386E-09 -9.9539899E-10 -4.2112938E-10 -3.8284370E-10 -4.2112938E-10
 -4.0198708E-10 -4.0198597E-10 -4.0198708E-10  4.9769983E-10  4.9769822E-10
  4.9769983E-10  5.1684201E-10  5.1684068E-10  5.1684201E-10  1.9142254E-10
  1.9142191E-10  1.9142254E-10  2.2970700E-10  2.1056418E-10  2.2970700E-10
  7.2740641E-10  7.2740408E-10  7.2740641E-10  7.0826400E-10  6.6997768E-10
  7.0826400E-10 -5.7426803E-11 -7.6568821E-11 -5.7426803E-11 -5.7426792E-11
 -9.5711071E-11 -5.7426792E-11  0.0000000E+00  0.0000000E+00  0.0000000E+00
  0.0000000E+00  0.0000000E+00  0.0000000E+00 -4.4027185E-10 -4.4027040E-10
 -4.4027185E-10 -4.4027176E-10 -4.4027060E-10 -4.4027176E-10  5.7426834E-11
  7.6568869E-11  5.7426834E-11  3.8284549E-11  5.7426675E-11  3.8284549E-11
  1.7228032E-10  1.8185087E-10  1.7228032E-10  1.7228030E-10  1.8185094E-10
  1.7228030E-10  4.4505771E-10  4.4027071E-10  4.4505771E-10  4.4027204E-10
  4.4027085E-10  4.4027204E-10  0.0000000E+00  0.0000000E+00  0.0000000E+00
  0.0000000E+00  0.0000000E+00  0.0000000E+00 -4.4505771E-10 -4.4027071E-10
 -4.4505771E-10 -4.4027204E-10 -4.4027085E-10 -4.4027204E-10 -1.7228032E-10
 -1.8185087E-10 -1.7228032E-10 -1.7228030E-10 -1.8185094E-10 -1.7228030E-10
 -7.6569112E-11 -8.6139977E-11 -7.6569112E-11 -4.7855685E-11 -7.6568897E-11
 -4.7855685E-11  4.2112958E-10  4.4027040E-10  4.2112958E-10  4.2112952E-10
  4.2112841E-10  4.2112952E-10  0.0000000E+00  0.0000000E+00  0.0000000E+00
  0.0000000E+00  0.0000000E+00  0.0000000E+00  5.7426803E-11  7.6568821E-11
  5.7426803E-11  5.7426792E-11  9.5711071E-11  5.7426792E-11 -7.2740641E-10
 -7.2740408E-10 -7.2740641E-10 -7.0826400E-10 -6.6997768E-10 -7.0826400E-10
 -1.5313803E-10 -1.5313753E-10 -1.5313803E-10 -1.7228025E-10 -1.7227979E-10
 -1.7228025E-10 -4.9769983E-10 -4.9769822E-10 -4.9769983E-10 -5.1684201E-10
 -5.1684068E-10 -5.1684201E-10  4.2112938E-10  3.8284370E-10  4.2112938E-10
  4.0198708E-10  4.0198597E-10  4.0198708E-10  1.0336838E-09  1.0145381E-09
  1.0336838E-09  9.9539899E-10  1.0145386E-09  9.9539899E-10 -6.6997968E-10
 -6.8911971E-10 -6.6997968E-10 -6.8912182E-10 -6.6997774E-10 -6.8912182E-10
  1.3399584E-10  1.3399540E-10  1.3399584E-10  1.1485356E-10  1.1485325E-10
  1.1485356E-10 -2.2970723E-10 -2.2013538E-10 -2.2970723E-10 -2.2970720E-10
 -2.3927768E-10 -2.2970720E-10  4.4984405E-10  4.4027149E-10  4.4984405E-10
  4.4984400E-10  4.3070050E-10  4.4984400E-10 -7.2740491E-10 -7.2740253E-10
 -7.2740491E-10 -7.4176137E-10 -7.2261735E-10 -7.4176137E-10  5.0248505E-10
  5.0248339E-10  5.0248505E-10  5.0248494E-10  5.0248361E-10  5.0248494E-10
  3.8356748E-11  6.2257449E-11  1.4762230E-11 -8.2405333E-11 -9.1748178E-11
 -1.4821197E-10 -3.5238857E-11  1.4186220E-10  1.6267906E-10  1.8009431E-10
  3.0476809E-11 -1.0848308E-10  2.3129689E-11  3.4467880E-11  9.5240274E-12
  4.5896613E-11 -1.0022851E-10 -7.2382378E-11  7.8096973E-11  1.6689698E-11
  1.6961821E-11  3.6191203E-11  4.1905739E-11  1.1682799E-10 -2.7755704E-11
 -1.6199905E-10 -1.9428961E-10 -1.6689684E-10 -1.2335874E-10 -7.9275884E-11
  0.0000000E+00 -2.0862121E-11  1.1102286E-10  1.2408448E-10  1.2571694E-10
  1.2934551E-10  8.3266727E-11  9.6509689E-11 -8.3811187E-11 -9.5965721E-11
 -2.7755671E-11 -7.2382669E-11 -1.5238429E-11  1.2100017E-10 -1.8503803E-11
  0.0000000E+00  8.7620702E-11  5.4241452E-11 -1.3877849E-11  1.7233957E-12
 -7.8096855E-11 -5.4241559E-11  6.1679117E-12  1.3787111E-11  3.2381535E-11
 -6.0499945E-11  6.6305211E-11  1.0685029E-10  4.3810580E-11 -1.2517279E-11
 -1.6190837E-11 -1.2494600E-10 -1.0285910E-10  5.2155183E-11 -5.3198317E-11
  8.7462232E-11  1.0619280E-10  2.9728484E-11  0.0000000E+00  0.0000000E+00
  0.0000000E+00  5.8630082E-14  5.3583808E-11 -8.8754767E-11 -1.0476420E-10
 -2.6077616E-11  1.5419844E-11  1.2322261E-10  1.0000190E-10 -5.5284492E-11
 -6.6305211E-11 -1.1029708E-10 -4.3810577E-11  1.4603492E-11 -7.7098909E-12
 -1.2063722E-11 -2.8571943E-11  6.8844777E-11  1.3877849E-11 -1.7233957E-12
  8.0001658E-11  5.4241552E-11  2.0045786E-11  1.7233950E-12 -8.7620702E-11
 -5.4241452E-11  2.3129726E-11  7.9276259E-11  1.9048036E-11 -1.2934501E-10
 -8.3266727E-11 -8.9616141E-11  8.0001589E-11  1.0848301E-10 -1.1102286E-10
 -1.2408448E-10 -1.2571694E-10 -1.2934549E-10  1.2181675E-10  8.6169426E-11
 -3.8095924E-12  2.9206970E-11  2.9297689E-11  1.6199905E-10  2.0190881E-10
  1.7106927E-10 -2.0045790E-11 -4.1361373E-11 -3.8096123E-11 -1.1265557E-10
  1.0022851E-10  6.5488816E-11 -7.8096973E-11 -1.6689698E-11 -1.8503751E-11
 -3.4467876E-11 -1.1428834E-11 -4.7982823E-11 -1.6113708E-10 -1.7750923E-10
 -3.2381604E-11  1.1056930E-10  9.4061155E-11  1.4735028E-10  3.5238854E-11
 -1.4186220E-10 -3.6236528E-11 -6.2042024E-11 -1.4524129E-11  8.2405333E-11
  5.0248505E-10  5.0248339E-10  5.0248505E-10  5.0248494E-10  5.0248361E-10
  5.0248494E-10 -7.2740491E-10 -7.2740253E-10 -7.2740491E-10 -7.4176137E-10
 -7.2261735E-10 -7.4176137E-10  4.4984405E-10  4.4027149E-10  4.4984405E-10
  4.4984400E-10  4.3070050E-10  4.4984400E-10 -2.2970723E-10 -2.2013538E-10
 -2.2970723E-10 -2.2970720E-10 -2.3927768E-10 -2.2970720E-10  1.3399584E-10
  1.3399540E-10  1.3399584E-10  1.1485356E-10  1.1485325E-10  1.1485356E-10
 -6.6997968E-10 -6.8911971E-10 -6.6997968E-10 -6.8912182E-10 -6.6997774E-10
 -6.8912182E-10  1.0336838E-09  1.0145381E-09  1.0336838E-09  9.9539899E-10
  1.0145386E-09  9.9539899E-10  4.2112938E-10  3.8284370E-10  4.2112938E-10
  4.0198708E-10  4.0198597E-10  4.0198708E-10 -4.9769983E-10 -4.9769822E-10
 -4.9769983E-10 -5.1684201E-10 -5.1684068E-10 -5.1684201E-10 -1.9142254E-10
 -1.9142191E-10 -1.9142254E-10 -2.2970700E-10 -2.1056418E-10 -2.2970700E-10
 -7.2740641E-10 -7.2740408E-10 -7.2740641E-10 -7.0826400E-10 -6.6997768E-10
 -7.0826400E-10  5.7426803E-11  7.6568821E-11  5.7426803E-11  5.7426792E-11
  9.5711071E-11  5.7426792E-11  0.0000000E+00  0.0000000E+00  0.0000000E+00
  0.0000000E+00  0.0000000E+00  0.0000000E+00  4.4027185E-10  4.4027040E-10
  4.4027185E-10  4.4027176E-10  4.4027060E-10  4.4027176E-10 -5.7426834E-11
 -7.6568869E-11 -5.7426834E-11 -3.8284549E-11 -5.7426675E-11 -3.8284549E-11
 -1.7228032E-10 -1.8185087E-10 -1.7228032E-10 -1.7228030E-10 -1.8185094E-10
 -1.7228030E-10 -4.4505771E-10 -4.4027071E-10 -4.4505771E-10 -4.4027204E-10
 -4.4027085E-10 -4.4027204E-10  0.0000000E+00  0.0000000E+00  0.0000000E+00
  0.0000000E+00  0.0000000E+00  0.0000000E+00  4.4505771E-10  4.4027071E-10
  4.4505771E-10  4.4027204E-10  4.4027085E-10  4.4027204E-10  1.7228032E-10
  1.8185087E-10  1.7228032E-10  1.7228030E-10  1.8185094E-10  1.7228030E-10
  7.6569112E-11  8.6139977E-11  7.6569112E-11  4.7855685E-11  7.6568897E-11
  4.7855685E-11 -4.2112958E-10 -4.4027040E-10 -4.2112958E-10 -4.2112952E-10
 -4.2112841E-10 -4.2112952E-10  0.0000000E+00  0.0000000E+00  0.0000000E+00
  0.0000000E+00  0.0000000E+00  0.0000000E+00 -5.7426803E-11 -7.6568821E-11
 -5.7426803E-11 -5.7426792E-11 -9.5711071E-11 -5.7426792E-11  7.2740641E-10
  7.2740408E-10  7.2740641E-10  7.0826400E-10  6.6997768E-10  7.0826400E-10
  1.5313803E-10  1.5313753E-10  1.5313803E-10  1.7228025E-10  1.7227979E-10
  1.7228025E-10  4.9769983E-10  4.9769822E-10  4.9769983E-10  5.1684201E-10
  5.1684068E-10  5.1684201E-10 -4.2112938E-10 -3.8284370E-10 -4.2112938E-10
 -4.0198708E-10 -4.0198597E-10 -4.0198708E-10 -1.0336838E-09 -1.0145381E-09
 -1.0336838E-09 -9.9539899E-10 -1.0145386E-09 -9.9539899E-10  6.6997968E-10
  6.8911971E-10  6.6997968E-10  6.8912182E-10  6.6997774E-10  6.8912182E-10
 -1.3399584E-10 -1.3399540E-10 -1.3399584E-10 -1.1485356E-10 -1.1485325E-10
 -1.1485356E-10  2.2970723E-10  2.2013538E-10  2.2970723E-10  2.2970720E-10
  2.3927768E-10  2.2970720E-10 -4.4984405E-10 -4.4027149E-10 -4.4984405E-10
 -4.4984400E-10 -4.3070050E-10 -4.4984400E-10  7.2740491E-10  7.2740253E-10
  7.2740491E-10  7.4176137E-10  7.2261735E-10  7.4176137E-10 -5.0248505E-10
 -5.0248339E-10 -5.0248505E-10 -5.0248494E-10 -5.0248361E-10 -5.0248494E-10
 -3.8356748E-11 -6.2257449E-11 -1.4762230E-11  8.2405333E-11  9.1748178E-11
  1.4821197E-10  3.5238857E-11 -1.4186220E-10 -1.6267906E-10 -1.8009431E-10
 -3.0476809E-11  1.0848308E-10 -2.3129689E-11 -3.4467880E-11 -9.5240274E-12
 -4.5896613E-11  1.0022851E-10  7.2382378E-11 -7.8096973E-11 -1.6689698E-11
 -1.6961821E-11 -3.6191203E-11 -4.1905739E-11 -1.1682799E-10  2.7755704E-11
  1.6199905E-10  1.9428961E-10  1.6689684E-10  1.2335874E-10  7.9275884E-11
  0.0000000E+00  2.0862121E-11 -1.1102286E-10 -1.2408448E-10 -1.2571694E-10
 -1.2934551E-10 -8.3266727E-11 -9.6509689E-11  8.3811187E-11  9.5965721E-11
  2.7755671E-11  7.2382669E-11  1.5238429E-11 -1.2100017E-10  1.8503803E-11
  0.0000000E+00 -8.7620702E-11 -5.4241452E-11  1.3877849E-11 -1.7233957E-12
  7.8096855E-11  5.4241559E-11 -6.1679117E-12 -1.3787111E-11 -3.2381535E-11
  6.0499945E-11 -6.6305211E-11 -1.0685029E-10 -4.3810580E-11  1.2517279E-11
  1.6190837E-11  1.2494600E-10  1.0285910E-10 -5.2155183E-11  5.3198317E-11
 -8.7462232E-11 -1.0619280E-10 -2.9728484E-11  0.0000000E+00  0.0000000E+00
  0.0000000E+00 -5.8630082E-14 -5.3583808E-11  8.8754767E-11  1.0476420E-10
  2.6077616E-11 -1.5419844E-11 -1.2322261E-10 -1.0000190E-10  5.5284492E-11
  6.6305211E-11  1.1029708E-10  4.3810577E-11 -1.4603492E-11  7.7098909E-12
  1.2063722E-11  2.8571943E-11 -6.8844777E-11 -1.3877849E-11  1.7233957E-12
 -8.0001658E-11 -5.4241552E-11 -2.0045786E-11 -1.7233950E-12  8.7620702E-11
  5.4241452E-11 -2.3129726E-11 -7.9276259E-11 -1.9048036E-11  1.2934501E-10
  8.3266727E-11  8.9616141E-11 -8.0001589E-11 -1.0848301E-10  1.1102286E-10
  1.2408448E-10  1.2571694E-10  1.2934549E-10 -1.2181675E-10 -8.6169426E-11
  3.8095924E-12 -2.9206970E-11 -2.9297689E-11 -1.6199905E-10 -2.0190881E-10
 -1.7106927E-10  2.0045790E-11  4.1361373E-11  3.8096123E-11  1.1265557E-10
 -1.0022851E-10 -6.5488816E-11  7.8096973E-11  1.6689698E-11  1.8503751E-11
  3.4467876E-11  1.1428834E-11  4.7982823E-11  1.6113708E-10  1.7750923E-10
  3.2381604E-11 -1.1056930E-10 -9.4061155E-11 -1.4735028E-10 -3.5238854E-11
  1.4186220E-10  3.6236528E-11  6.2042024E-11  1.4524129E-11 -8.2405333E-11
