  2   1
     1  0.3888782E+00  0.3499970E-01 -0.2200000E+00
     2  0.3888782E+00  0.3499970E-01 -0.1833333E+00
     3  0.3888782E+00  0.3499970E-01 -0.1466667E+00
     4  0.3888782E+00  0.3499970E-01 -0.1100000E+00
     5  0.3888782E+00  0.3499970E-01 -0.7333330E-01
     6  0.3888782E+00  0.3499970E-01 -0.3666670E-01
     7  0.3888782E+00  0.3499970E-01  0.0000000E+00
     8  0.3904500E+00  0.0000000E+00 -0.2200000E+00
     9  0.3904500E+00  0.0000000E+00 -0.1833333E+00
    10  0.3904500E+00  0.0000000E+00 -0.1466667E+00
    11  0.3904500E+00  0.0000000E+00 -0.1100000E+00
    12  0.3904500E+00  0.0000000E+00 -0.7333330E-01
    13  0.3904500E+00  0.0000000E+00 -0.3666670E-01
    14  0.3904500E+00  0.0000000E+00  0.0000000E+00
    15  0.3841753E+00  0.6971750E-01 -0.2200000E+00
    16  0.3841753E+00  0.6971750E-01 -0.1833333E+00
    17  0.3841753E+00  0.6971750E-01 -0.1466667E+00
    18  0.3841753E+00  0.6971750E-01 -0.1100000E+00
    19  0.3841753E+00  0.6971750E-01 -0.7333330E-01
    20  0.3841753E+00  0.6971750E-01 -0.3666670E-01
    21  0.3841753E+00  0.6971750E-01  0.0000000E+00
    22  0.3888782E+00  0.3499970E-01 -0.2200000E+00
    23  0.3888782E+00  0.3499970E-01 -0.1833333E+00
    24  0.3888782E+00  0.3499970E-01 -0.1466667E+00
    25  0.3888782E+00  0.3499970E-01 -0.1100000E+00
    26  0.3888782E+00  0.3499970E-01 -0.7333330E-01
    27  0.3888782E+00  0.3499970E-01 -0.3666670E-01
    28  0.3888782E+00  0.3499970E-01  0.0000000E+00
    29  0.3763793E+00  0.1038741E+00 -0.2200000E+00
    30  0.3763793E+00  0.1038741E+00 -0.1833333E+00
    31  0.3763793E+00  0.1038741E+00 -0.1466667E+00
    32  0.3763793E+00  0.1038741E+00 -0.1100000E+00
    33  0.3763793E+00  0.1038741E+00 -0.7333330E-01
    34  0.3763793E+00  0.1038741E+00 -0.3666670E-01
    35  0.3763793E+00  0.1038741E+00  0.0000000E+00
    36  0.3841753E+00  0.6971750E-01 -0.2200000E+00
    37  0.3841753E+00  0.6971750E-01 -0.1833333E+00
    38  0.3841753E+00  0.6971750E-01 -0.1466667E+00
    39  0.3841753E+00  0.6971750E-01 -0.1100000E+00
    40  0.3841753E+00  0.6971750E-01 -0.7333330E-01
    41  0.3841753E+00  0.6971750E-01 -0.3666670E-01
    42  0.3841753E+00  0.6971750E-01  0.0000000E+00
    43  0.3655529E+00  0.1371943E+00 -0.2200000E+00
    44  0.3655529E+00  0.1371943E+00 -0.1833333E+00
    45  0.3655529E+00  0.1371943E+00 -0.1466667E+00
    46  0.3655529E+00  0.1371943E+00 -0.1100000E+00
    47  0.3655529E+00  0.1371943E+00 -0.7333330E-01
    48  0.3655529E+00  0.1371943E+00 -0.3666670E-01
    49  0.3655529E+00  0.1371943E+00  0.0000000E+00
    50  0.3763793E+00  0.1038741E+00 -0.2200000E+00
    51  0.3763793E+00  0.1038741E+00 -0.1833333E+00
    52  0.3763793E+00  0.1038741E+00 -0.1466667E+00
    53  0.3763793E+00  0.1038741E+00 -0.1100000E+00
    54  0.3763793E+00  0.1038741E+00 -0.7333330E-01
    55  0.3763793E+00  0.1038741E+00 -0.3666670E-01
    56  0.3763793E+00  0.1038741E+00  0.0000000E+00
    57  0.3517833E+00  0.1694099E+00 -0.2200000E+00
    58  0.3517833E+00  0.1694099E+00 -0.1833333E+00
    59  0.3517833E+00  0.1694099E+00 -0.1466667E+00
    60  0.3517833E+00  0.1694099E+00 -0.1100000E+00
    61  0.3517833E+00  0.1694099E+00 -0.7333330E-01
    62  0.3517833E+00  0.1694099E+00 -0.3666670E-01
    63  0.3517833E+00  0.1694099E+00  0.0000000E+00
    64  0.3655529E+00  0.1371943E+00 -0.2200000E+00
    65  0.3655529E+00  0.1371943E+00 -0.1833333E+00
    66  0.3655529E+00  0.1371943E+00 -0.1466667E+00
    67  0.3655529E+00  0.1371943E+00 -0.1100000E+00
    68  0.3655529E+00  0.1371943E+00 -0.7333330E-01
    69  0.3655529E+00  0.1371943E+00 -0.3666670E-01
    70  0.3655529E+00  0.1371943E+00  0.0000000E+00
    71  0.3351813E+00  0.2002615E+00 -0.2200000E+00
    72  0.3351813E+00  0.2002615E+00 -0.1833333E+00
    73  0.3351813E+00  0.2002615E+00 -0.1466667E+00
    74  0.3351813E+00  0.2002615E+00 -0.1100000E+00
    75  0.3351813E+00  0.2002615E+00 -0.7333330E-01
    76  0.3351813E+00  0.2002615E+00 -0.3666670E-01
    77  0.3351813E+00  0.2002615E+00  0.0000000E+00
    78  0.3517833E+00  0.1694099E+00 -0.2200000E+00
    79  0.3517833E+00  0.1694099E+00 -0.1833333E+00
    80  0.3517833E+00  0.1694099E+00 -0.1466667E+00
    81  0.3517833E+00  0.1694099E+00 -0.1100000E+00
    82  0.3517833E+00  0.1694099E+00 -0.7333330E-01
    83  0.3517833E+00  0.1694099E+00 -0.3666670E-01
    84  0.3517833E+00  0.1694099E+00  0.0000000E+00
    85  0.3158807E+00  0.2295008E+00 -0.2200000E+00
    86  0.3158807E+00  0.2295008E+00 -0.1833333E+00
    87  0.3158807E+00  0.2295008E+00 -0.1466667E+00
    88  0.3158807E+00  0.2295008E+00 -0.1100000E+00
    89  0.3158807E+00  0.2295008E+00 -0.7333330E-01
    90  0.3158807E+00  0.2295008E+00 -0.3666670E-01
    91  0.3158807E+00  0.2295008E+00  0.0000000E+00
    92  0.3351813E+00  0.2002615E+00 -0.2200000E+00
    93  0.3351813E+00  0.2002615E+00 -0.1833333E+00
    94  0.3351813E+00  0.2002615E+00 -0.1466667E+00
    95  0.3351813E+00  0.2002615E+00 -0.1100000E+00
    96  0.3351813E+00  0.2002615E+00 -0.7333330E-01
    97  0.3351813E+00  0.2002615E+00 -0.3666670E-01
    98  0.3351813E+00  0.2002615E+00  0.0000000E+00
    99  0.2940368E+00  0.2568922E+00 -0.2200000E+00
   100  0.2940368E+00  0.2568922E+00 -0.1833333E+00
   101  0.2940368E+00  0.2568922E+00 -0.1466667E+00
   102  0.2940368E+00  0.2568922E+00 -0.1100000E+00
   103  0.2940368E+00  0.2568922E+00 -0.7333330E-01
   104  0.2940368E+00  0.2568922E+00 -0.3666670E-01
   105  0.2940368E+00  0.2568922E+00  0.0000000E+00
   106  0.3158807E+00  0.2295008E+00 -0.2200000E+00
   107  0.3158807E+00  0.2295008E+00 -0.1833333E+00
   108  0.3158807E+00  0.2295008E+00 -0.1466667E+00
   109  0.3158807E+00  0.2295008E+00 -0.1100000E+00
   110  0.3158807E+00  0.2295008E+00 -0.7333330E-01
   111  0.3158807E+00  0.2295008E+00 -0.3666670E-01
   112  0.3158807E+00  0.2295008E+00  0.0000000E+00
   113  0.2698254E+00  0.2822153E+00 -0.2200000E+00
   114  0.2698254E+00  0.2822153E+00 -0.1833333E+00
   115  0.2698254E+00  0.2822153E+00 -0.1466667E+00
   116  0.2698254E+00  0.2822153E+00 -0.1100000E+00
   117  0.2698254E+00  0.2822153E+00 -0.7333330E-01
   118  0.2698254E+00  0.2822153E+00 -0.3666670E-01
   119  0.2698254E+00  0.2822153E+00  0.0000000E+00
   120  0.2940368E+00  0.2568922E+00 -0.2200000E+00
   121  0.2940368E+00  0.2568922E+00 -0.1833333E+00
   122  0.2940368E+00  0.2568922E+00 -0.1466667E+00
   123  0.2940368E+00  0.2568922E+00 -0.1100000E+00
   124  0.2940368E+00  0.2568922E+00 -0.7333330E-01
   125  0.2940368E+00  0.2568922E+00 -0.3666670E-01
   126  0.2940368E+00  0.2568922E+00  0.0000000E+00
   127  0.2434416E+00  0.3052661E+00 -0.2200000E+00
   128  0.2434416E+00  0.3052661E+00 -0.1833333E+00
   129  0.2434416E+00  0.3052661E+00 -0.1466667E+00
   130  0.2434416E+00  0.3052661E+00 -0.1100000E+00
   131  0.2434416E+00  0.3052661E+00 -0.7333330E-01
   132  0.2434416E+00  0.3052661E+00 -0.3666670E-01
   133  0.2434416E+00  0.3052661E+00  0.0000000E+00
   134  0.2698254E+00  0.2822153E+00 -0.2200000E+00
   135  0.2698254E+00  0.2822153E+00 -0.1833333E+00
   136  0.2698254E+00  0.2822153E+00 -0.1466667E+00
   137  0.2698254E+00  0.2822153E+00 -0.1100000E+00
   138  0.2698254E+00  0.2822153E+00 -0.7333330E-01
   139  0.2698254E+00  0.2822153E+00 -0.3666670E-01
   140  0.2698254E+00  0.2822153E+00  0.0000000E+00
   141  0.2150977E+00  0.3258591E+00 -0.2200000E+00
   142  0.2150977E+00  0.3258591E+00 -0.1833333E+00
   143  0.2150977E+00  0.3258591E+00 -0.1466667E+00
   144  0.2150977E+00  0.3258591E+00 -0.1100000E+00
   145  0.2150977E+00  0.3258591E+00 -0.7333330E-01
   146  0.2150977E+00  0.3258591E+00 -0.3666670E-01
   147  0.2150977E+00  0.3258591E+00  0.0000000E+00
   148  0.2434416E+00  0.3052661E+00 -0.2200000E+00
   149  0.2434416E+00  0.3052661E+00 -0.1833333E+00
   150  0.2434416E+00  0.3052661E+00 -0.1466667E+00
   151  0.2434416E+00  0.3052661E+00 -0.1100000E+00
   152  0.2434416E+00  0.3052661E+00 -0.7333330E-01
   153  0.2434416E+00  0.3052661E+00 -0.3666670E-01
   154  0.2434416E+00  0.3052661E+00  0.0000000E+00
   155  0.1850220E+00  0.3438285E+00 -0.2200000E+00
   156  0.1850220E+00  0.3438285E+00 -0.1833333E+00
   157  0.1850220E+00  0.3438285E+00 -0.1466667E+00
   158  0.1850220E+00  0.3438285E+00 -0.1100000E+00
   159  0.1850220E+00  0.3438285E+00 -0.7333330E-01
   160  0.1850220E+00  0.3438285E+00 -0.3666670E-01
   161  0.1850220E+00  0.3438285E+00  0.0000000E+00
   162  0.2150977E+00  0.3258591E+00 -0.2200000E+00
   163  0.2150977E+00  0.3258591E+00 -0.1833333E+00
   164  0.2150977E+00  0.3258591E+00 -0.1466667E+00
   165  0.2150977E+00  0.3258591E+00 -0.1100000E+00
   166  0.2150977E+00  0.3258591E+00 -0.7333330E-01
   167  0.2150977E+00  0.3258591E+00 -0.3666670E-01
   168  0.2150977E+00  0.3258591E+00  0.0000000E+00
   169  0.1534566E+00  0.3590296E+00 -0.2200000E+00
   170  0.1534566E+00  0.3590296E+00 -0.1833333E+00
   171  0.1534566E+00  0.3590296E+00 -0.1466667E+00
   172  0.1534566E+00  0.3590296E+00 -0.1100000E+00
   173  0.1534566E+00  0.3590296E+00 -0.7333330E-01
   174  0.1534566E+00  0.3590296E+00 -0.3666670E-01
   175  0.1534566E+00  0.3590296E+00  0.0000000E+00
   176  0.1850220E+00  0.3438285E+00 -0.2200000E+00
   177  0.1850220E+00  0.3438285E+00 -0.1833333E+00
   178  0.1850220E+00  0.3438285E+00 -0.1466667E+00
   179  0.1850220E+00  0.3438285E+00 -0.1100000E+00
   180  0.1850220E+00  0.3438285E+00 -0.7333330E-01
   181  0.1850220E+00  0.3438285E+00 -0.3666670E-01
   182  0.1850220E+00  0.3438285E+00  0.0000000E+00
   183  0.1206557E+00  0.3713400E+00 -0.2200000E+00
   184  0.1206557E+00  0.3713400E+00 -0.1833333E+00
   185  0.1206557E+00  0.3713400E+00 -0.1466667E+00
   186  0.1206557E+00  0.3713400E+00 -0.1100000E+00
   187  0.1206557E+00  0.3713400E+00 -0.7333330E-01
   188  0.1206557E+00  0.3713400E+00 -0.3666670E-01
   189  0.1206557E+00  0.3713400E+00  0.0000000E+00
   190  0.1534566E+00  0.3590296E+00 -0.2200000E+00
   191  0.1534566E+00  0.3590296E+00 -0.1833333E+00
   192  0.1534566E+00  0.3590296E+00 -0.1466667E+00
   193  0.1534566E+00  0.3590296E+00 -0.1100000E+00
   194  0.1534566E+00  0.3590296E+00 -0.7333330E-01
   195  0.1534566E+00  0.3590296E+00 -0.3666670E-01
   196  0.1534566E+00  0.3590296E+00  0.0000000E+00
   197  0.8688330E-01  0.3806606E+00 -0.2200000E+00
   198  0.8688330E-01  0.3806606E+00 -0.1833333E+00
   199  0.8688330E-01  0.3806606E+00 -0.1466667E+00
   200  0.8688330E-01  0.3806606E+00 -0.1100000E+00
   201  0.8688330E-01  0.3806606E+00 -0.7333330E-01
   202  0.8688330E-01  0.3806606E+00 -0.3666670E-01
   203  0.8688330E-01  0.3806606E+00  0.0000000E+00
   204  0.1206557E+00  0.3713400E+00 -0.2200000E+00
   205  0.1206557E+00  0.3713400E+00 -0.1833333E+00
   206  0.1206557E+00  0.3713400E+00 -0.1466667E+00
   207  0.1206557E+00  0.3713400E+00 -0.1100000E+00
   208  0.1206557E+00  0.3713400E+00 -0.7333330E-01
   209  0.1206557E+00  0.3713400E+00 -0.3666670E-01
   210  0.1206557E+00  0.3713400E+00  0.0000000E+00
   211  0.5241140E-01  0.3869163E+00 -0.2200000E+00
   212  0.5241140E-01  0.3869163E+00 -0.1833333E+00
   213  0.5241140E-01  0.3869163E+00 -0.1466667E+00
   214  0.5241140E-01  0.3869163E+00 -0.1100000E+00
   215  0.5241140E-01  0.3869163E+00 -0.7333330E-01
   216  0.5241140E-01  0.3869163E+00 -0.3666670E-01
   217  0.5241140E-01  0.3869163E+00  0.0000000E+00
   218  0.8688330E-01  0.3806606E+00 -0.2200000E+00
   219  0.8688330E-01  0.3806606E+00 -0.1833333E+00
   220  0.8688330E-01  0.3806606E+00 -0.1466667E+00
   221  0.8688330E-01  0.3806606E+00 -0.1100000E+00
   222  0.8688330E-01  0.3806606E+00 -0.7333330E-01
   223  0.8688330E-01  0.3806606E+00 -0.3666670E-01
   224  0.8688330E-01  0.3806606E+00  0.0000000E+00
   225  0.1751750E-01  0.3900568E+00 -0.2200000E+00
   226  0.1751750E-01  0.3900568E+00 -0.1833333E+00
   227  0.1751750E-01  0.3900568E+00 -0.1466667E+00
   228  0.1751750E-01  0.3900568E+00 -0.1100000E+00
   229  0.1751750E-01  0.3900568E+00 -0.7333330E-01
   230  0.1751750E-01  0.3900568E+00 -0.3666670E-01
   231  0.1751750E-01  0.3900568E+00  0.0000000E+00
   232  0.5241140E-01  0.3869163E+00 -0.2200000E+00
   233  0.5241140E-01  0.3869163E+00 -0.1833333E+00
   234  0.5241140E-01  0.3869163E+00 -0.1466667E+00
   235  0.5241140E-01  0.3869163E+00 -0.1100000E+00
   236  0.5241140E-01  0.3869163E+00 -0.7333330E-01
   237  0.5241140E-01  0.3869163E+00 -0.3666670E-01
   238  0.5241140E-01  0.3869163E+00  0.0000000E+00
   239 -0.1751750E-01  0.3900568E+00 -0.2200000E+00
   240 -0.1751750E-01  0.3900568E+00 -0.1833333E+00
   241 -0.1751750E-01  0.3900568E+00 -0.1466667E+00
   242 -0.1751750E-01  0.3900568E+00 -0.1100000E+00
   243 -0.1751750E-01  0.3900568E+00 -0.7333330E-01
   244 -0.1751750E-01  0.3900568E+00 -0.3666670E-01
   245 -0.1751750E-01  0.3900568E+00  0.0000000E+00
   246  0.1751750E-01  0.3900568E+00 -0.2200000E+00
   247  0.1751750E-01  0.3900568E+00 -0.1833333E+00
   248  0.1751750E-01  0.3900568E+00 -0.1466667E+00
   249  0.1751750E-01  0.3900568E+00 -0.1100000E+00
   250  0.1751750E-01  0.3900568E+00 -0.7333330E-01
   251  0.1751750E-01  0.3900568E+00 -0.3666670E-01
   252  0.1751750E-01  0.3900568E+00  0.0000000E+00
   253 -0.5241140E-01  0.3869163E+00 -0.2200000E+00
   254 -0.5241140E-01  0.3869163E+00 -0.1833333E+00
   255 -0.5241140E-01  0.3869163E+00 -0.1466667E+00
   256 -0.5241140E-01  0.3869163E+00 -0.1100000E+00
   257 -0.5241140E-01  0.3869163E+00 -0.7333330E-01
   258 -0.5241140E-01  0.3869163E+00 -0.3666670E-01
   259 -0.5241140E-01  0.3869163E+00  0.0000000E+00
   260 -0.1751750E-01  0.3900568E+00 -0.2200000E+00
   261 -0.1751750E-01  0.3900568E+00 -0.1833333E+00
   262 -0.1751750E-01  0.3900568E+00 -0.1466667E+00
   263 -0.1751750E-01  0.3900568E+00 -0.1100000E+00
   264 -0.1751750E-01  0.3900568E+00 -0.7333330E-01
   265 -0.1751750E-01  0.3900568E+00 -0.3666670E-01
   266 -0.1751750E-01  0.3900568E+00  0.0000000E+00
   267 -0.8688330E-01  0.3806606E+00 -0.2200000E+00
   268 -0.8688330E-01  0.3806606E+00 -0.1833333E+00
   269 -0.8688330E-01  0.3806606E+00 -0.1466667E+00
   270 -0.8688330E-01  0.3806606E+00 -0.1100000E+00
   271 -0.8688330E-01  0.3806606E+00 -0.7333330E-01
   272 -0.8688330E-01  0.3806606E+00 -0.3666670E-01
   273 -0.8688330E-01  0.3806606E+00  0.0000000E+00
   274 -0.5241140E-01  0.3869163E+00 -0.2200000E+00
   275 -0.5241140E-01  0.3869163E+00 -0.1833333E+00
   276 -0.5241140E-01  0.3869163E+00 -0.1466667E+00
   277 -0.5241140E-01  0.3869163E+00 -0.1100000E+00
   278 -0.5241140E-01  0.3869163E+00 -0.7333330E-01
   279 -0.5241140E-01  0.3869163E+00 -0.3666670E-01
   280 -0.5241140E-01  0.3869163E+00  0.0000000E+00
   281 -0.1206557E+00  0.3713400E+00 -0.2200000E+00
   282 -0.1206557E+00  0.3713400E+00 -0.1833333E+00
   283 -0.1206557E+00  0.3713400E+00 -0.1466667E+00
   284 -0.1206557E+00  0.3713400E+00 -0.1100000E+00
   285 -0.1206557E+00  0.3713400E+00 -0.7333330E-01
   286 -0.1206557E+00  0.3713400E+00 -0.3666670E-01
   287 -0.1206557E+00  0.3713400E+00  0.0000000E+00
   288 -0.8688330E-01  0.3806606E+00 -0.2200000E+00
   289 -0.8688330E-01  0.3806606E+00 -0.1833333E+00
   290 -0.8688330E-01  0.3806606E+00 -0.1466667E+00
   291 -0.8688330E-01  0.3806606E+00 -0.1100000E+00
   292 -0.8688330E-01  0.3806606E+00 -0.7333330E-01
   293 -0.8688330E-01  0.3806606E+00 -0.3666670E-01
   294 -0.8688330E-01  0.3806606E+00  0.0000000E+00
   295 -0.1534566E+00  0.3590296E+00 -0.2200000E+00
   296 -0.1534566E+00  0.3590296E+00 -0.1833333E+00
   297 -0.1534566E+00  0.3590296E+00 -0.1466667E+00
   298 -0.1534566E+00  0.3590296E+00 -0.1100000E+00
   299 -0.1534566E+00  0.3590296E+00 -0.7333330E-01
   300 -0.1534566E+00  0.3590296E+00 -0.3666670E-01
   301 -0.1534566E+00  0.3590296E+00  0.0000000E+00
   302 -0.1206557E+00  0.3713400E+00 -0.2200000E+00
   303 -0.1206557E+00  0.3713400E+00 -0.1833333E+00
   304 -0.1206557E+00  0.3713400E+00 -0.1466667E+00
   305 -0.1206557E+00  0.3713400E+00 -0.1100000E+00
   306 -0.1206557E+00  0.3713400E+00 -0.7333330E-01
   307 -0.1206557E+00  0.3713400E+00 -0.3666670E-01
   308 -0.1206557E+00  0.3713400E+00  0.0000000E+00
   309 -0.1850220E+00  0.3438285E+00 -0.2200000E+00
   310 -0.1850220E+00  0.3438285E+00 -0.1833333E+00
   311 -0.1850220E+00  0.3438285E+00 -0.1466667E+00
   312 -0.1850220E+00  0.3438285E+00 -0.1100000E+00
   313 -0.1850220E+00  0.3438285E+00 -0.7333330E-01
   314 -0.1850220E+00  0.3438285E+00 -0.3666670E-01
   315 -0.1850220E+00  0.3438285E+00  0.0000000E+00
   316 -0.1534566E+00  0.3590296E+00 -0.2200000E+00
   317 -0.1534566E+00  0.3590296E+00 -0.1833333E+00
   318 -0.1534566E+00  0.3590296E+00 -0.1466667E+00
   319 -0.1534566E+00  0.3590296E+00 -0.1100000E+00
   320 -0.1534566E+00  0.3590296E+00 -0.7333330E-01
   321 -0.1534566E+00  0.3590296E+00 -0.3666670E-01
   322 -0.1534566E+00  0.3590296E+00  0.0000000E+00
   323 -0.2150977E+00  0.3258591E+00 -0.2200000E+00
   324 -0.2150977E+00  0.3258591E+00 -0.1833333E+00
   325 -0.2150977E+00  0.3258591E+00 -0.1466667E+00
   326 -0.2150977E+00  0.3258591E+00 -0.1100000E+00
   327 -0.2150977E+00  0.3258591E+00 -0.7333330E-01
   328 -0.2150977E+00  0.3258591E+00 -0.3666670E-01
   329 -0.2150977E+00  0.3258591E+00  0.0000000E+00
   330 -0.1850220E+00  0.3438285E+00 -0.2200000E+00
   331 -0.1850220E+00  0.3438285E+00 -0.1833333E+00
   332 -0.1850220E+00  0.3438285E+00 -0.1466667E+00
   333 -0.1850220E+00  0.3438285E+00 -0.1100000E+00
   334 -0.1850220E+00  0.3438285E+00 -0.7333330E-01
   335 -0.1850220E+00  0.3438285E+00 -0.3666670E-01
   336 -0.1850220E+00  0.3438285E+00  0.0000000E+00
   337 -0.2434416E+00  0.3052661E+00 -0.2200000E+00
   338 -0.2434416E+00  0.3052661E+00 -0.1833333E+00
   339 -0.2434416E+00  0.3052661E+00 -0.1466667E+00
   340 -0.2434416E+00  0.3052661E+00 -0.1100000E+00
   341 -0.2434416E+00  0.3052661E+00 -0.7333330E-01
   342 -0.2434416E+00  0.3052661E+00 -0.3666670E-01
   343 -0.2434416E+00  0.3052661E+00  0.0000000E+00
   344 -0.2150977E+00  0.3258591E+00 -0.2200000E+00
   345 -0.2150977E+00  0.3258591E+00 -0.1833333E+00
   346 -0.2150977E+00  0.3258591E+00 -0.1466667E+00
   347 -0.2150977E+00  0.3258591E+00 -0.1100000E+00
   348 -0.2150977E+00  0.3258591E+00 -0.7333330E-01
   349 -0.2150977E+00  0.3258591E+00 -0.3666670E-01
   350 -0.2150977E+00  0.3258591E+00  0.0000000E+00
   351 -0.2698254E+00  0.2822153E+00 -0.2200000E+00
   352 -0.2698254E+00  0.2822153E+00 -0.1833333E+00
   353 -0.2698254E+00  0.2822153E+00 -0.1466667E+00
   354 -0.2698254E+00  0.2822153E+00 -0.1100000E+00
   355 -0.2698254E+00  0.2822153E+00 -0.7333330E-01
   356 -0.2698254E+00  0.2822153E+00 -0.3666670E-01
   357 -0.2698254E+00  0.2822153E+00  0.0000000E+00
   358 -0.2434416E+00  0.3052661E+00 -0.2200000E+00
   359 -0.2434416E+00  0.3052661E+00 -0.1833333E+00
   360 -0.2434416E+00  0.3052661E+00 -0.1466667E+00
   361 -0.2434416E+00  0.3052661E+00 -0.1100000E+00
   362 -0.2434416E+00  0.3052661E+00 -0.7333330E-01
   363 -0.2434416E+00  0.3052661E+00 -0.3666670E-01
   364 -0.2434416E+00  0.3052661E+00  0.0000000E+00
   365 -0.2940368E+00  0.2568922E+00 -0.2200000E+00
   366 -0.2940368E+00  0.2568922E+00 -0.1833333E+00
   367 -0.2940368E+00  0.2568922E+00 -0.1466667E+00
   368 -0.2940368E+00  0.2568922E+00 -0.1100000E+00
   369 -0.2940368E+00  0.2568922E+00 -0.7333330E-01
   370 -0.2940368E+00  0.2568922E+00 -0.3666670E-01
   371 -0.2940368E+00  0.2568922E+00  0.0000000E+00
   372 -0.2698254E+00  0.2822153E+00 -0.2200000E+00
   373 -0.2698254E+00  0.2822153E+00 -0.1833333E+00
   374 -0.2698254E+00  0.2822153E+00 -0.1466667E+00
   375 -0.2698254E+00  0.2822153E+00 -0.1100000E+00
   376 -0.2698254E+00  0.2822153E+00 -0.7333330E-01
   377 -0.2698254E+00  0.2822153E+00 -0.3666670E-01
   378 -0.2698254E+00  0.2822153E+00  0.0000000E+00
   379 -0.3158807E+00  0.2295008E+00 -0.2200000E+00
   380 -0.3158807E+00  0.2295008E+00 -0.1833333E+00
   381 -0.3158807E+00  0.2295008E+00 -0.1466667E+00
   382 -0.3158807E+00  0.2295008E+00 -0.1100000E+00
   383 -0.3158807E+00  0.2295008E+00 -0.7333330E-01
   384 -0.3158807E+00  0.2295008E+00 -0.3666670E-01
   385 -0.3158807E+00  0.2295008E+00  0.0000000E+00
   386 -0.2940368E+00  0.2568922E+00 -0.2200000E+00
   387 -0.2940368E+00  0.2568922E+00 -0.1833333E+00
   388 -0.2940368E+00  0.2568922E+00 -0.1466667E+00
   389 -0.2940368E+00  0.2568922E+00 -0.1100000E+00
   390 -0.2940368E+00  0.2568922E+00 -0.7333330E-01
   391 -0.2940368E+00  0.2568922E+00 -0.3666670E-01
   392 -0.2940368E+00  0.2568922E+00  0.0000000E+00
   393 -0.3351813E+00  0.2002615E+00 -0.2200000E+00
   394 -0.3351813E+00  0.2002615E+00 -0.1833333E+00
   395 -0.3351813E+00  0.2002615E+00 -0.1466667E+00
   396 -0.3351813E+00  0.2002615E+00 -0.1100000E+00
   397 -0.3351813E+00  0.2002615E+00 -0.7333330E-01
   398 -0.3351813E+00  0.2002615E+00 -0.3666670E-01
   399 -0.3351813E+00  0.2002615E+00  0.0000000E+00
   400 -0.3158807E+00  0.2295008E+00 -0.2200000E+00
   401 -0.3158807E+00  0.2295008E+00 -0.1833333E+00
   402 -0.3158807E+00  0.2295008E+00 -0.1466667E+00
   403 -0.3158807E+00  0.2295008E+00 -0.1100000E+00
   404 -0.3158807E+00  0.2295008E+00 -0.7333330E-01
   405 -0.3158807E+00  0.2295008E+00 -0.3666670E-01
   406 -0.3158807E+00  0.2295008E+00  0.0000000E+00
   407 -0.3517833E+00  0.1694099E+00 -0.2200000E+00
   408 -0.3517833E+00  0.1694099E+00 -0.1833333E+00
   409 -0.3517833E+00  0.1694099E+00 -0.1466667E+00
   410 -0.3517833E+00  0.1694099E+00 -0.1100000E+00
   411 -0.3517833E+00  0.1694099E+00 -0.7333330E-01
   412 -0.3517833E+00  0.1694099E+00 -0.3666670E-01
   413 -0.3517833E+00  0.1694099E+00  0.0000000E+00
   414 -0.3351813E+00  0.2002615E+00 -0.2200000E+00
   415 -0.3351813E+00  0.2002615E+00 -0.1833333E+00
   416 -0.3351813E+00  0.2002615E+00 -0.1466667E+00
   417 -0.3351813E+00  0.2002615E+00 -0.1100000E+00
   418 -0.3351813E+00  0.2002615E+00 -0.7333330E-01
   419 -0.3351813E+00  0.2002615E+00 -0.3666670E-01
   420 -0.3351813E+00  0.2002615E+00  0.0000000E+00
   421 -0.3655529E+00  0.1371943E+00 -0.2200000E+00
   422 -0.3655529E+00  0.1371943E+00 -0.1833333E+00
   423 -0.3655529E+00  0.1371943E+00 -0.1466667E+00
   424 -0.3655529E+00  0.1371943E+00 -0.1100000E+00
   425 -0.3655529E+00  0.1371943E+00 -0.7333330E-01
   426 -0.3655529E+00  0.1371943E+00 -0.3666670E-01
   427 -0.3655529E+00  0.1371943E+00  0.0000000E+00
   428 -0.3517833E+00  0.1694099E+00 -0.2200000E+00
   429 -0.3517833E+00  0.1694099E+00 -0.1833333E+00
   430 -0.3517833E+00  0.1694099E+00 -0.1466667E+00
   431 -0.3517833E+00  0.1694099E+00 -0.1100000E+00
   432 -0.3517833E+00  0.1694099E+00 -0.7333330E-01
   433 -0.3517833E+00  0.1694099E+00 -0.3666670E-01
   434 -0.3517833E+00  0.1694099E+00  0.0000000E+00
   435 -0.3763793E+00  0.1038741E+00 -0.2200000E+00
   436 -0.3763793E+00  0.1038741E+00 -0.1833333E+00
   437 -0.3763793E+00  0.1038741E+00 -0.1466667E+00
   438 -0.3763793E+00  0.1038741E+00 -0.1100000E+00
   439 -0.3763793E+00  0.1038741E+00 -0.7333330E-01
   440 -0.3763793E+00  0.1038741E+00 -0.3666670E-01
   441 -0.3763793E+00  0.1038741E+00  0.0000000E+00
   442 -0.3655529E+00  0.1371943E+00 -0.2200000E+00
   443 -0.3655529E+00  0.1371943E+00 -0.1833333E+00
   444 -0.3655529E+00  0.1371943E+00 -0.1466667E+00
   445 -0.3655529E+00  0.1371943E+00 -0.1100000E+00
   446 -0.3655529E+00  0.1371943E+00 -0.7333330E-01
   447 -0.3655529E+00  0.1371943E+00 -0.3666670E-01
   448 -0.3655529E+00  0.1371943E+00  0.0000000E+00
   449 -0.3841753E+00  0.6971750E-01 -0.2200000E+00
   450 -0.3841753E+00  0.6971750E-01 -0.1833333E+00
   451 -0.3841753E+00  0.6971750E-01 -0.1466667E+00
   452 -0.3841753E+00  0.6971750E-01 -0.1100000E+00
   453 -0.3841753E+00  0.6971750E-01 -0.7333330E-01
   454 -0.3841753E+00  0.6971750E-01 -0.3666670E-01
   455 -0.3841753E+00  0.6971750E-01  0.0000000E+00
   456 -0.3763793E+00  0.1038741E+00 -0.2200000E+00
   457 -0.3763793E+00  0.1038741E+00 -0.1833333E+00
   458 -0.3763793E+00  0.1038741E+00 -0.1466667E+00
   459 -0.3763793E+00  0.1038741E+00 -0.1100000E+00
   460 -0.3763793E+00  0.1038741E+00 -0.7333330E-01
   461 -0.3763793E+00  0.1038741E+00 -0.3666670E-01
   462 -0.3763793E+00  0.1038741E+00  0.0000000E+00
   463 -0.3888782E+00  0.3499970E-01 -0.2200000E+00
   464 -0.3888782E+00  0.3499970E-01 -0.1833333E+00
   465 -0.3888782E+00  0.3499970E-01 -0.1466667E+00
   466 -0.3888782E+00  0.3499970E-01 -0.1100000E+00
   467 -0.3888782E+00  0.3499970E-01 -0.7333330E-01
   468 -0.3888782E+00  0.3499970E-01 -0.3666670E-01
   469 -0.3888782E+00  0.3499970E-01  0.0000000E+00
   470 -0.3841753E+00  0.6971750E-01 -0.2200000E+00
   471 -0.3841753E+00  0.6971750E-01 -0.1833333E+00
   472 -0.3841753E+00  0.6971750E-01 -0.1466667E+00
   473 -0.3841753E+00  0.6971750E-01 -0.1100000E+00
   474 -0.3841753E+00  0.6971750E-01 -0.7333330E-01
   475 -0.3841753E+00  0.6971750E-01 -0.3666670E-01
   476 -0.3841753E+00  0.6971750E-01  0.0000000E+00
   477 -0.3904500E+00  0.0000000E+00 -0.2200000E+00
   478 -0.3904500E+00  0.0000000E+00 -0.1833333E+00
   479 -0.3904500E+00  0.0000000E+00 -0.1466667E+00
   480 -0.3904500E+00  0.0000000E+00 -0.1100000E+00
   481 -0.3904500E+00  0.0000000E+00 -0.7333330E-01
   482 -0.3904500E+00  0.0000000E+00 -0.3666670E-01
   483 -0.3904500E+00  0.0000000E+00  0.0000000E+00
   484 -0.3888782E+00  0.3499970E-01 -0.2200000E+00
   485 -0.3888782E+00  0.3499970E-01 -0.1833333E+00
   486 -0.3888782E+00  0.3499970E-01 -0.1466667E+00
   487 -0.3888782E+00  0.3499970E-01 -0.1100000E+00
   488 -0.3888782E+00  0.3499970E-01 -0.7333330E-01
   489 -0.3888782E+00  0.3499970E-01 -0.3666670E-01
   490 -0.3888782E+00  0.3499970E-01  0.0000000E+00
   491  0.2592521E+00  0.2333310E-01 -0.2500000E+00
   492  0.2916586E+00  0.2624970E-01 -0.2425000E+00
   493  0.3240651E+00  0.2916640E-01 -0.2350000E+00
   494  0.3564717E+00  0.3208300E-01 -0.2275000E+00
   495  0.3888782E+00  0.3499970E-01 -0.2200000E+00
   496  0.2603000E+00  0.0000000E+00 -0.2500000E+00
   497  0.2928375E+00  0.0000000E+00 -0.2425000E+00
   498  0.3253750E+00  0.0000000E+00 -0.2350000E+00
   499  0.3579125E+00  0.0000000E+00 -0.2275000E+00
   500  0.3904500E+00  0.0000000E+00 -0.2200000E+00
   501  0.2561169E+00  0.4647840E-01 -0.2500000E+00
   502  0.2881315E+00  0.5228820E-01 -0.2425000E+00
   503  0.3201461E+00  0.5809800E-01 -0.2350000E+00
   504  0.3521607E+00  0.6390770E-01 -0.2275000E+00
   505  0.3841753E+00  0.6971750E-01 -0.2200000E+00
   506  0.2592521E+00  0.2333310E-01 -0.2500000E+00
   507  0.2916586E+00  0.2624970E-01 -0.2425000E+00
   508  0.3240651E+00  0.2916640E-01 -0.2350000E+00
   509  0.3564717E+00  0.3208300E-01 -0.2275000E+00
   510  0.3888782E+00  0.3499970E-01 -0.2200000E+00
   511  0.2509195E+00  0.6924940E-01 -0.2500000E+00
   512  0.2822844E+00  0.7790560E-01 -0.2425000E+00
   513  0.3136494E+00  0.8656170E-01 -0.2350000E+00
   514  0.3450144E+00  0.9521790E-01 -0.2275000E+00
   515  0.3763793E+00  0.1038741E+00 -0.2200000E+00
   516  0.2561169E+00  0.4647840E-01 -0.2500000E+00
   517  0.2881315E+00  0.5228820E-01 -0.2425000E+00
   518  0.3201461E+00  0.5809800E-01 -0.2350000E+00
   519  0.3521607E+00  0.6390770E-01 -0.2275000E+00
   520  0.3841753E+00  0.6971750E-01 -0.2200000E+00
   521  0.2437019E+00  0.9146290E-01 -0.2500000E+00
   522  0.2741646E+00  0.1028957E+00 -0.2425000E+00
   523  0.3046274E+00  0.1143286E+00 -0.2350000E+00
   524  0.3350902E+00  0.1257614E+00 -0.2275000E+00
   525  0.3655529E+00  0.1371943E+00 -0.2200000E+00
   526  0.2509195E+00  0.6924940E-01 -0.2500000E+00
   527  0.2822844E+00  0.7790560E-01 -0.2425000E+00
   528  0.3136494E+00  0.8656170E-01 -0.2350000E+00
   529  0.3450144E+00  0.9521790E-01 -0.2275000E+00
   530  0.3763793E+00  0.1038741E+00 -0.2200000E+00
   531  0.2345222E+00  0.1129399E+00 -0.2500000E+00
   532  0.2638375E+00  0.1270574E+00 -0.2425000E+00
   533  0.2931527E+00  0.1411749E+00 -0.2350000E+00
   534  0.3224680E+00  0.1552924E+00 -0.2275000E+00
   535  0.3517833E+00  0.1694099E+00 -0.2200000E+00
   536  0.2437019E+00  0.9146290E-01 -0.2500000E+00
   537  0.2741646E+00  0.1028957E+00 -0.2425000E+00
   538  0.3046274E+00  0.1143286E+00 -0.2350000E+00
   539  0.3350902E+00  0.1257614E+00 -0.2275000E+00
   540  0.3655529E+00  0.1371943E+00 -0.2200000E+00
   541  0.2234542E+00  0.1335077E+00 -0.2500000E+00
   542  0.2513860E+00  0.1501961E+00 -0.2425000E+00
   543  0.2793177E+00  0.1668846E+00 -0.2350000E+00
   544  0.3072495E+00  0.1835731E+00 -0.2275000E+00
   545  0.3351813E+00  0.2002615E+00 -0.2200000E+00
   546  0.2345222E+00  0.1129399E+00 -0.2500000E+00
   547  0.2638375E+00  0.1270574E+00 -0.2425000E+00
   548  0.2931527E+00  0.1411749E+00 -0.2350000E+00
   549  0.3224680E+00  0.1552924E+00 -0.2275000E+00
   550  0.3517833E+00  0.1694099E+00 -0.2200000E+00
   551  0.2105871E+00  0.1530005E+00 -0.2500000E+00
   552  0.2369105E+00  0.1721256E+00 -0.2425000E+00
   553  0.2632339E+00  0.1912507E+00 -0.2350000E+00
   554  0.2895573E+00  0.2103757E+00 -0.2275000E+00
   555  0.3158807E+00  0.2295008E+00 -0.2200000E+00
   556  0.2234542E+00  0.1335077E+00 -0.2500000E+00
   557  0.2513860E+00  0.1501961E+00 -0.2425000E+00
   558  0.2793177E+00  0.1668846E+00 -0.2350000E+00
   559  0.3072495E+00  0.1835731E+00 -0.2275000E+00
   560  0.3351813E+00  0.2002615E+00 -0.2200000E+00
   561  0.1960245E+00  0.1712615E+00 -0.2500000E+00
   562  0.2205276E+00  0.1926692E+00 -0.2425000E+00
   563  0.2450307E+00  0.2140768E+00 -0.2350000E+00
   564  0.2695337E+00  0.2354845E+00 -0.2275000E+00
   565  0.2940368E+00  0.2568922E+00 -0.2200000E+00
   566  0.2105871E+00  0.1530005E+00 -0.2500000E+00
   567  0.2369105E+00  0.1721256E+00 -0.2425000E+00
   568  0.2632339E+00  0.1912507E+00 -0.2350000E+00
   569  0.2895573E+00  0.2103757E+00 -0.2275000E+00
   570  0.3158807E+00  0.2295008E+00 -0.2200000E+00
   571  0.1798836E+00  0.1881435E+00 -0.2500000E+00
   572  0.2023690E+00  0.2116615E+00 -0.2425000E+00
   573  0.2248545E+00  0.2351794E+00 -0.2350000E+00
   574  0.2473399E+00  0.2586973E+00 -0.2275000E+00
   575  0.2698254E+00  0.2822153E+00 -0.2200000E+00
   576  0.1960245E+00  0.1712615E+00 -0.2500000E+00
   577  0.2205276E+00  0.1926692E+00 -0.2425000E+00
   578  0.2450307E+00  0.2140768E+00 -0.2350000E+00
   579  0.2695337E+00  0.2354845E+00 -0.2275000E+00
   580  0.2940368E+00  0.2568922E+00 -0.2200000E+00
   581  0.1622944E+00  0.2035107E+00 -0.2500000E+00
   582  0.1825812E+00  0.2289495E+00 -0.2425000E+00
   583  0.2028680E+00  0.2543884E+00 -0.2350000E+00
   584  0.2231548E+00  0.2798273E+00 -0.2275000E+00
   585  0.2434416E+00  0.3052661E+00 -0.2200000E+00
   586  0.1798836E+00  0.1881435E+00 -0.2500000E+00
   587  0.2023690E+00  0.2116615E+00 -0.2425000E+00
   588  0.2248545E+00  0.2351794E+00 -0.2350000E+00
   589  0.2473399E+00  0.2586973E+00 -0.2275000E+00
   590  0.2698254E+00  0.2822153E+00 -0.2200000E+00
   591  0.1433985E+00  0.2172394E+00 -0.2500000E+00
   592  0.1613233E+00  0.2443943E+00 -0.2425000E+00
   593  0.1792481E+00  0.2715493E+00 -0.2350000E+00
   594  0.1971729E+00  0.2987042E+00 -0.2275000E+00
   595  0.2150977E+00  0.3258591E+00 -0.2200000E+00
   596  0.1622944E+00  0.2035107E+00 -0.2500000E+00
   597  0.1825812E+00  0.2289495E+00 -0.2425000E+00
   598  0.2028680E+00  0.2543884E+00 -0.2350000E+00
   599  0.2231548E+00  0.2798273E+00 -0.2275000E+00
   600  0.2434416E+00  0.3052661E+00 -0.2200000E+00
   601  0.1233480E+00  0.2292190E+00 -0.2500000E+00
   602  0.1387665E+00  0.2578714E+00 -0.2425000E+00
   603  0.1541850E+00  0.2865238E+00 -0.2350000E+00
   604  0.1696035E+00  0.3151761E+00 -0.2275000E+00
   605  0.1850220E+00  0.3438285E+00 -0.2200000E+00
   606  0.1433985E+00  0.2172394E+00 -0.2500000E+00
   607  0.1613233E+00  0.2443943E+00 -0.2425000E+00
   608  0.1792481E+00  0.2715493E+00 -0.2350000E+00
   609  0.1971729E+00  0.2987042E+00 -0.2275000E+00
   610  0.2150977E+00  0.3258591E+00 -0.2200000E+00
   611  0.1023044E+00  0.2393531E+00 -0.2500000E+00
   612  0.1150924E+00  0.2692722E+00 -0.2425000E+00
   613  0.1278805E+00  0.2991914E+00 -0.2350000E+00
   614  0.1406685E+00  0.3291105E+00 -0.2275000E+00
   615  0.1534566E+00  0.3590296E+00 -0.2200000E+00
   616  0.1233480E+00  0.2292190E+00 -0.2500000E+00
   617  0.1387665E+00  0.2578714E+00 -0.2425000E+00
   618  0.1541850E+00  0.2865238E+00 -0.2350000E+00
   619  0.1696035E+00  0.3151761E+00 -0.2275000E+00
   620  0.1850220E+00  0.3438285E+00 -0.2200000E+00
   621  0.8043710E-01  0.2475600E+00 -0.2500000E+00
   622  0.9049180E-01  0.2785050E+00 -0.2425000E+00
   623  0.1005464E+00  0.3094500E+00 -0.2350000E+00
   624  0.1106011E+00  0.3403950E+00 -0.2275000E+00
   625  0.1206557E+00  0.3713400E+00 -0.2200000E+00
   626  0.1023044E+00  0.2393531E+00 -0.2500000E+00
   627  0.1150924E+00  0.2692722E+00 -0.2425000E+00
   628  0.1278805E+00  0.2991914E+00 -0.2350000E+00
   629  0.1406685E+00  0.3291105E+00 -0.2275000E+00
   630  0.1534566E+00  0.3590296E+00 -0.2200000E+00
   631  0.5792220E-01  0.2537737E+00 -0.2500000E+00
   632  0.6516250E-01  0.2854954E+00 -0.2425000E+00
   633  0.7240270E-01  0.3172171E+00 -0.2350000E+00
   634  0.7964300E-01  0.3489389E+00 -0.2275000E+00
   635  0.8688330E-01  0.3806606E+00 -0.2200000E+00
   636  0.8043710E-01  0.2475600E+00 -0.2500000E+00
   637  0.9049180E-01  0.2785050E+00 -0.2425000E+00
   638  0.1005464E+00  0.3094500E+00 -0.2350000E+00
   639  0.1106011E+00  0.3403950E+00 -0.2275000E+00
   640  0.1206557E+00  0.3713400E+00 -0.2200000E+00
   641  0.3494090E-01  0.2579442E+00 -0.2500000E+00
   642  0.3930850E-01  0.2901872E+00 -0.2425000E+00
   643  0.4367620E-01  0.3224303E+00 -0.2350000E+00
   644  0.4804380E-01  0.3546733E+00 -0.2275000E+00
   645  0.5241140E-01  0.3869163E+00 -0.2200000E+00
   646  0.5792220E-01  0.2537737E+00 -0.2500000E+00
   647  0.6516250E-01  0.2854954E+00 -0.2425000E+00
   648  0.7240270E-01  0.3172171E+00 -0.2350000E+00
   649  0.7964300E-01  0.3489389E+00 -0.2275000E+00
   650  0.8688330E-01  0.3806606E+00 -0.2200000E+00
   651  0.1167830E-01  0.2600379E+00 -0.2500000E+00
   652  0.1313810E-01  0.2925426E+00 -0.2425000E+00
   653  0.1459790E-01  0.3250473E+00 -0.2350000E+00
   654  0.1605770E-01  0.3575521E+00 -0.2275000E+00
   655  0.1751750E-01  0.3900568E+00 -0.2200000E+00
   656  0.3494090E-01  0.2579442E+00 -0.2500000E+00
   657  0.3930850E-01  0.2901872E+00 -0.2425000E+00
   658  0.4367620E-01  0.3224303E+00 -0.2350000E+00
   659  0.4804380E-01  0.3546733E+00 -0.2275000E+00
   660  0.5241140E-01  0.3869163E+00 -0.2200000E+00
   661 -0.1167830E-01  0.2600379E+00 -0.2500000E+00
   662 -0.1313810E-01  0.2925426E+00 -0.2425000E+00
   663 -0.1459790E-01  0.3250473E+00 -0.2350000E+00
   664 -0.1605770E-01  0.3575521E+00 -0.2275000E+00
   665 -0.1751750E-01  0.3900568E+00 -0.2200000E+00
   666  0.1167830E-01  0.2600379E+00 -0.2500000E+00
   667  0.1313810E-01  0.2925426E+00 -0.2425000E+00
   668  0.1459790E-01  0.3250473E+00 -0.2350000E+00
   669  0.1605770E-01  0.3575521E+00 -0.2275000E+00
   670  0.1751750E-01  0.3900568E+00 -0.2200000E+00
   671 -0.3494090E-01  0.2579442E+00 -0.2500000E+00
   672 -0.3930850E-01  0.2901872E+00 -0.2425000E+00
   673 -0.4367620E-01  0.3224303E+00 -0.2350000E+00
   674 -0.4804380E-01  0.3546733E+00 -0.2275000E+00
   675 -0.5241140E-01  0.3869163E+00 -0.2200000E+00
   676 -0.1167830E-01  0.2600379E+00 -0.2500000E+00
   677 -0.1313810E-01  0.2925426E+00 -0.2425000E+00
   678 -0.1459790E-01  0.3250473E+00 -0.2350000E+00
   679 -0.1605770E-01  0.3575521E+00 -0.2275000E+00
   680 -0.1751750E-01  0.3900568E+00 -0.2200000E+00
   681 -0.5792220E-01  0.2537737E+00 -0.2500000E+00
   682 -0.6516250E-01  0.2854954E+00 -0.2425000E+00
   683 -0.7240270E-01  0.3172171E+00 -0.2350000E+00
   684 -0.7964300E-01  0.3489389E+00 -0.2275000E+00
   685 -0.8688330E-01  0.3806606E+00 -0.2200000E+00
   686 -0.3494090E-01  0.2579442E+00 -0.2500000E+00
   687 -0.3930850E-01  0.2901872E+00 -0.2425000E+00
   688 -0.4367620E-01  0.3224303E+00 -0.2350000E+00
   689 -0.4804380E-01  0.3546733E+00 -0.2275000E+00
   690 -0.5241140E-01  0.3869163E+00 -0.2200000E+00
   691 -0.8043710E-01  0.2475600E+00 -0.2500000E+00
   692 -0.9049180E-01  0.2785050E+00 -0.2425000E+00
   693 -0.1005464E+00  0.3094500E+00 -0.2350000E+00
   694 -0.1106011E+00  0.3403950E+00 -0.2275000E+00
   695 -0.1206557E+00  0.3713400E+00 -0.2200000E+00
   696 -0.5792220E-01  0.2537737E+00 -0.2500000E+00
   697 -0.6516250E-01  0.2854954E+00 -0.2425000E+00
   698 -0.7240270E-01  0.3172171E+00 -0.2350000E+00
   699 -0.7964300E-01  0.3489389E+00 -0.2275000E+00
   700 -0.8688330E-01  0.3806606E+00 -0.2200000E+00
   701 -0.1023044E+00  0.2393531E+00 -0.2500000E+00
   702 -0.1150924E+00  0.2692722E+00 -0.2425000E+00
   703 -0.1278805E+00  0.2991914E+00 -0.2350000E+00
   704 -0.1406685E+00  0.3291105E+00 -0.2275000E+00
   705 -0.1534566E+00  0.3590296E+00 -0.2200000E+00
   706 -0.8043710E-01  0.2475600E+00 -0.2500000E+00
   707 -0.9049180E-01  0.2785050E+00 -0.2425000E+00
   708 -0.1005464E+00  0.3094500E+00 -0.2350000E+00
   709 -0.1106011E+00  0.3403950E+00 -0.2275000E+00
   710 -0.1206557E+00  0.3713400E+00 -0.2200000E+00
   711 -0.1233480E+00  0.2292190E+00 -0.2500000E+00
   712 -0.1387665E+00  0.2578714E+00 -0.2425000E+00
   713 -0.1541850E+00  0.2865238E+00 -0.2350000E+00
   714 -0.1696035E+00  0.3151761E+00 -0.2275000E+00
   715 -0.1850220E+00  0.3438285E+00 -0.2200000E+00
   716 -0.1023044E+00  0.2393531E+00 -0.2500000E+00
   717 -0.1150924E+00  0.2692722E+00 -0.2425000E+00
   718 -0.1278805E+00  0.2991914E+00 -0.2350000E+00
   719 -0.1406685E+00  0.3291105E+00 -0.2275000E+00
   720 -0.1534566E+00  0.3590296E+00 -0.2200000E+00
   721 -0.1433985E+00  0.2172394E+00 -0.2500000E+00
   722 -0.1613233E+00  0.2443943E+00 -0.2425000E+00
   723 -0.1792481E+00  0.2715493E+00 -0.2350000E+00
   724 -0.1971729E+00  0.2987042E+00 -0.2275000E+00
   725 -0.2150977E+00  0.3258591E+00 -0.2200000E+00
   726 -0.1233480E+00  0.2292190E+00 -0.2500000E+00
   727 -0.1387665E+00  0.2578714E+00 -0.2425000E+00
   728 -0.1541850E+00  0.2865238E+00 -0.2350000E+00
   729 -0.1696035E+00  0.3151761E+00 -0.2275000E+00
   730 -0.1850220E+00  0.3438285E+00 -0.2200000E+00
   731 -0.1622944E+00  0.2035107E+00 -0.2500000E+00
   732 -0.1825812E+00  0.2289495E+00 -0.2425000E+00
   733 -0.2028680E+00  0.2543884E+00 -0.2350000E+00
   734 -0.2231548E+00  0.2798273E+00 -0.2275000E+00
   735 -0.2434416E+00  0.3052661E+00 -0.2200000E+00
   736 -0.1433985E+00  0.2172394E+00 -0.2500000E+00
   737 -0.1613233E+00  0.2443943E+00 -0.2425000E+00
   738 -0.1792481E+00  0.2715493E+00 -0.2350000E+00
   739 -0.1971729E+00  0.2987042E+00 -0.2275000E+00
   740 -0.2150977E+00  0.3258591E+00 -0.2200000E+00
   741 -0.1798836E+00  0.1881435E+00 -0.2500000E+00
   742 -0.2023690E+00  0.2116615E+00 -0.2425000E+00
   743 -0.2248545E+00  0.2351794E+00 -0.2350000E+00
   744 -0.2473399E+00  0.2586973E+00 -0.2275000E+00
   745 -0.2698254E+00  0.2822153E+00 -0.2200000E+00
   746 -0.1622944E+00  0.2035107E+00 -0.2500000E+00
   747 -0.1825812E+00  0.2289495E+00 -0.2425000E+00
   748 -0.2028680E+00  0.2543884E+00 -0.2350000E+00
   749 -0.2231548E+00  0.2798273E+00 -0.2275000E+00
   750 -0.2434416E+00  0.3052661E+00 -0.2200000E+00
   751 -0.1960245E+00  0.1712615E+00 -0.2500000E+00
   752 -0.2205276E+00  0.1926692E+00 -0.2425000E+00
   753 -0.2450307E+00  0.2140768E+00 -0.2350000E+00
   754 -0.2695337E+00  0.2354845E+00 -0.2275000E+00
   755 -0.2940368E+00  0.2568922E+00 -0.2200000E+00
   756 -0.1798836E+00  0.1881435E+00 -0.2500000E+00
   757 -0.2023690E+00  0.2116615E+00 -0.2425000E+00
   758 -0.2248545E+00  0.2351794E+00 -0.2350000E+00
   759 -0.2473399E+00  0.2586973E+00 -0.2275000E+00
   760 -0.2698254E+00  0.2822153E+00 -0.2200000E+00
   761 -0.2105871E+00  0.1530005E+00 -0.2500000E+00
   762 -0.2369105E+00  0.1721256E+00 -0.2425000E+00
   763 -0.2632339E+00  0.1912507E+00 -0.2350000E+00
   764 -0.2895573E+00  0.2103757E+00 -0.2275000E+00
   765 -0.3158807E+00  0.2295008E+00 -0.2200000E+00
   766 -0.1960245E+00  0.1712615E+00 -0.2500000E+00
   767 -0.2205276E+00  0.1926692E+00 -0.2425000E+00
   768 -0.2450307E+00  0.2140768E+00 -0.2350000E+00
   769 -0.2695337E+00  0.2354845E+00 -0.2275000E+00
   770 -0.2940368E+00  0.2568922E+00 -0.2200000E+00
   771 -0.2234542E+00  0.1335077E+00 -0.2500000E+00
   772 -0.2513860E+00  0.1501961E+00 -0.2425000E+00
   773 -0.2793177E+00  0.1668846E+00 -0.2350000E+00
   774 -0.3072495E+00  0.1835731E+00 -0.2275000E+00
   775 -0.3351813E+00  0.2002615E+00 -0.2200000E+00
   776 -0.2105871E+00  0.1530005E+00 -0.2500000E+00
   777 -0.2369105E+00  0.1721256E+00 -0.2425000E+00
   778 -0.2632339E+00  0.1912507E+00 -0.2350000E+00
   779 -0.2895573E+00  0.2103757E+00 -0.2275000E+00
   780 -0.3158807E+00  0.2295008E+00 -0.2200000E+00
   781 -0.2345222E+00  0.1129399E+00 -0.2500000E+00
   782 -0.2638375E+00  0.1270574E+00 -0.2425000E+00
   783 -0.2931527E+00  0.1411749E+00 -0.2350000E+00
   784 -0.3224680E+00  0.1552924E+00 -0.2275000E+00
   785 -0.3517833E+00  0.1694099E+00 -0.2200000E+00
   786 -0.2234542E+00  0.1335077E+00 -0.2500000E+00
   787 -0.2513860E+00  0.1501961E+00 -0.2425000E+00
   788 -0.2793177E+00  0.1668846E+00 -0.2350000E+00
   789 -0.3072495E+00  0.1835731E+00 -0.2275000E+00
   790 -0.3351813E+00  0.2002615E+00 -0.2200000E+00
   791 -0.2437019E+00  0.9146290E-01 -0.2500000E+00
   792 -0.2741646E+00  0.1028957E+00 -0.2425000E+00
   793 -0.3046274E+00  0.1143286E+00 -0.2350000E+00
   794 -0.3350902E+00  0.1257614E+00 -0.2275000E+00
   795 -0.3655529E+00  0.1371943E+00 -0.2200000E+00
   796 -0.2345222E+00  0.1129399E+00 -0.2500000E+00
   797 -0.2638375E+00  0.1270574E+00 -0.2425000E+00
   798 -0.2931527E+00  0.1411749E+00 -0.2350000E+00
   799 -0.3224680E+00  0.1552924E+00 -0.2275000E+00
   800 -0.3517833E+00  0.1694099E+00 -0.2200000E+00
   801 -0.2509195E+00  0.6924940E-01 -0.2500000E+00
   802 -0.2822844E+00  0.7790560E-01 -0.2425000E+00
   803 -0.3136494E+00  0.8656170E-01 -0.2350000E+00
   804 -0.3450144E+00  0.9521790E-01 -0.2275000E+00
   805 -0.3763793E+00  0.1038741E+00 -0.2200000E+00
   806 -0.2437019E+00  0.9146290E-01 -0.2500000E+00
   807 -0.2741646E+00  0.1028957E+00 -0.2425000E+00
   808 -0.3046274E+00  0.1143286E+00 -0.2350000E+00
   809 -0.3350902E+00  0.1257614E+00 -0.2275000E+00
   810 -0.3655529E+00  0.1371943E+00 -0.2200000E+00
   811 -0.2561169E+00  0.4647840E-01 -0.2500000E+00
   812 -0.2881315E+00  0.5228820E-01 -0.2425000E+00
   813 -0.3201461E+00  0.5809800E-01 -0.2350000E+00
   814 -0.3521607E+00  0.6390770E-01 -0.2275000E+00
   815 -0.3841753E+00  0.6971750E-01 -0.2200000E+00
   816 -0.2509195E+00  0.6924940E-01 -0.2500000E+00
   817 -0.2822844E+00  0.7790560E-01 -0.2425000E+00
   818 -0.3136494E+00  0.8656170E-01 -0.2350000E+00
   819 -0.3450144E+00  0.9521790E-01 -0.2275000E+00
   820 -0.3763793E+00  0.1038741E+00 -0.2200000E+00
   821 -0.2592521E+00  0.2333310E-01 -0.2500000E+00
   822 -0.2916586E+00  0.2624970E-01 -0.2425000E+00
   823 -0.3240651E+00  0.2916640E-01 -0.2350000E+00
   824 -0.3564717E+00  0.3208300E-01 -0.2275000E+00
   825 -0.3888782E+00  0.3499970E-01 -0.2200000E+00
   826 -0.2561169E+00  0.4647840E-01 -0.2500000E+00
   827 -0.2881315E+00  0.5228820E-01 -0.2425000E+00
   828 -0.3201461E+00  0.5809800E-01 -0.2350000E+00
   829 -0.3521607E+00  0.6390770E-01 -0.2275000E+00
   830 -0.3841753E+00  0.6971750E-01 -0.2200000E+00
   831 -0.2603000E+00  0.0000000E+00 -0.2500000E+00
   832 -0.2928375E+00  0.0000000E+00 -0.2425000E+00
   833 -0.3253750E+00  0.0000000E+00 -0.2350000E+00
   834 -0.3579125E+00  0.0000000E+00 -0.2275000E+00
   835 -0.3904500E+00  0.0000000E+00 -0.2200000E+00
   836 -0.2592521E+00  0.2333310E-01 -0.2500000E+00
   837 -0.2916586E+00  0.2624970E-01 -0.2425000E+00
   838 -0.3240651E+00  0.2916640E-01 -0.2350000E+00
   839 -0.3564717E+00  0.3208300E-01 -0.2275000E+00
   840 -0.3888782E+00  0.3499970E-01 -0.2200000E+00
     0  0.0000000E+00  0.0000000E+00  0.0000000E+00
      1      2      9      8
      2      3     10      9
      3      4     11     10
      4      5     12     11
      5      6     13     12
      6      7     14     13
     15     16     23     22
     16     17     24     23
     17     18     25     24
     18     19     26     25
     19     20     27     26
     20     21     28     27
     29     30     37     36
     30     31     38     37
     31     32     39     38
     32     33     40     39
     33     34     41     40
     34     35     42     41
     43     44     51     50
     44     45     52     51
     45     46     53     52
     46     47     54     53
     47     48     55     54
     48     49     56     55
     57     58     65     64
     58     59     66     65
     59     60     67     66
     60     61     68     67
     61     62     69     68
     62     63     70     69
     71     72     79     78
     72     73     80     79
     73     74     81     80
     74     75     82     81
     75     76     83     82
     76     77     84     83
     85     86     93     92
     86     87     94     93
     87     88     95     94
     88     89     96     95
     89     90     97     96
     90     91     98     97
     99    100    107    106
    100    101    108    107
    101    102    109    108
    102    103    110    109
    103    104    111    110
    104    105    112    111
    113    114    121    120
    114    115    122    121
    115    116    123    122
    116    117    124    123
    117    118    125    124
    118    119    126    125
    127    128    135    134
    128    129    136    135
    129    130    137    136
    130    131    138    137
    131    132    139    138
    132    133    140    139
    141    142    149    148
    142    143    150    149
    143    144    151    150
    144    145    152    151
    145    146    153    152
    146    147    154    153
    155    156    163    162
    156    157    164    163
    157    158    165    164
    158    159    166    165
    159    160    167    166
    160    161    168    167
    169    170    177    176
    170    171    178    177
    171    172    179    178
    172    173    180    179
    173    174    181    180
    174    175    182    181
    183    184    191    190
    184    185    192    191
    185    186    193    192
    186    187    194    193
    187    188    195    194
    188    189    196    195
    197    198    205    204
    198    199    206    205
    199    200    207    206
    200    201    208    207
    201    202    209    208
    202    203    210    209
    211    212    219    218
    212    213    220    219
    213    214    221    220
    214    215    222    221
    215    216    223    222
    216    217    224    223
    225    226    233    232
    226    227    234    233
    227    228    235    234
    228    229    236    235
    229    230    237    236
    230    231    238    237
    239    240    247    246
    240    241    248    247
    241    242    249    248
    242    243    250    249
    243    244    251    250
    244    245    252    251
    253    254    261    260
    254    255    262    261
    255    256    263    262
    256    257    264    263
    257    258    265    264
    258    259    266    265
    267    268    275    274
    268    269    276    275
    269    270    277    276
    270    271    278    277
    271    272    279    278
    272    273    280    279
    281    282    289    288
    282    283    290    289
    283    284    291    290
    284    285    292    291
    285    286    293    292
    286    287    294    293
    295    296    303    302
    296    297    304    303
    297    298    305    304
    298    299    306    305
    299    300    307    306
    300    301    308    307
    309    310    317    316
    310    311    318    317
    311    312    319    318
    312    313    320    319
    313    314    321    320
    314    315    322    321
    323    324    331    330
    324    325    332    331
    325    326    333    332
    326    327    334    333
    327    328    335    334
    328    329    336    335
    337    338    345    344
    338    339    346    345
    339    340    347    346
    340    341    348    347
    341    342    349    348
    342    343    350    349
    351    352    359    358
    352    353    360    359
    353    354    361    360
    354    355    362    361
    355    356    363    362
    356    357    364    363
    365    366    373    372
    366    367    374    373
    367    368    375    374
    368    369    376    375
    369    370    377    376
    370    371    378    377
    379    380    387    386
    380    381    388    387
    381    382    389    388
    382    383    390    389
    383    384    391    390
    384    385    392    391
    393    394    401    400
    394    395    402    401
    395    396    403    402
    396    397    404    403
    397    398    405    404
    398    399    406    405
    407    408    415    414
    408    409    416    415
    409    410    417    416
    410    411    418    417
    411    412    419    418
    412    413    420    419
    421    422    429    428
    422    423    430    429
    423    424    431    430
    424    425    432    431
    425    426    433    432
    426    427    434    433
    435    436    443    442
    436    437    444    443
    437    438    445    444
    438    439    446    445
    439    440    447    446
    440    441    448    447
    449    450    457    456
    450    451    458    457
    451    452    459    458
    452    453    460    459
    453    454    461    460
    454    455    462    461
    463    464    471    470
    464    465    472    471
    465    466    473    472
    466    467    474    473
    467    468    475    474
    468    469    476    475
    477    478    485    484
    478    479    486    485
    479    480    487    486
    480    481    488    487
    481    482    489    488
    482    483    490    489
    491    492    497    496
    492    493    498    497
    493    494    499    498
    494    495    500    499
    501    502    507    506
    502    503    508    507
    503    504    509    508
    504    505    510    509
    511    512    517    516
    512    513    518    517
    513    514    519    518
    514    515    520    519
    521    522    527    526
    522    523    528    527
    523    524    529    528
    524    525    530    529
    531    532    537    536
    532    533    538    537
    533    534    539    538
    534    535    540    539
    541    542    547    546
    542    543    548    547
    543    544    549    548
    544    545    550    549
    551    552    557    556
    552    553    558    557
    553    554    559    558
    554    555    560    559
    561    562    567    566
    562    563    568    567
    563    564    569    568
    564    565    570    569
    571    572    577    576
    572    573    578    577
    573    574    579    578
    574    575    580    579
    581    582    587    586
    582    583    588    587
    583    584    589    588
    584    585    590    589
    591    592    597    596
    592    593    598    597
    593    594    599    598
    594    595    600    599
    601    602    607    606
    602    603    608    607
    603    604    609    608
    604    605    610    609
    611    612    617    616
    612    613    618    617
    613    614    619    618
    614    615    620    619
    621    622    627    626
    622    623    628    627
    623    624    629    628
    624    625    630    629
    631    632    637    636
    632    633    638    637
    633    634    639    638
    634    635    640    639
    641    642    647    646
    642    643    648    647
    643    644    649    648
    644    645    650    649
    651    652    657    656
    652    653    658    657
    653    654    659    658
    654    655    660    659
    661    662    667    666
    662    663    668    667
    663    664    669    668
    664    665    670    669
    671    672    677    676
    672    673    678    677
    673    674    679    678
    674    675    680    679
    681    682    687    686
    682    683    688    687
    683    684    689    688
    684    685    690    689
    691    692    697    696
    692    693    698    697
    693    694    699    698
    694    695    700    699
    701    702    707    706
    702    703    708    707
    703    704    709    708
    704    705    710    709
    711    712    717    716
    712    713    718    717
    713    714    719    718
    714    715    720    719
    721    722    727    726
    722    723    728    727
    723    724    729    728
    724    725    730    729
    731    732    737    736
    732    733    738    737
    733    734    739    738
    734    735    740    739
    741    742    747    746
    742    743    748    747
    743    744    749    748
    744    745    750    749
    751    752    757    756
    752    753    758    757
    753    754    759    758
    754    755    760    759
    761    762    767    766
    762    763    768    767
    763    764    769    768
    764    765    770    769
    771    772    777    776
    772    773    778    777
    773    774    779    778
    774    775    780    779
    781    782    787    786
    782    783    788    787
    783    784    789    788
    784    785    790    789
    791    792    797    796
    792    793    798    797
    793    794    799    798
    794    795    800    799
    801    802    807    806
    802    803    808    807
    803    804    809    808
    804    805    810    809
    811    812    817    816
    812    813    818    817
    813    814    819    818
    814    815    820    819
    821    822    827    826
    822    823    828    827
    823    824    829    828
    824    825    830    829
    831    832    837    836
    832    833    838    837
    833    834    839    838
    834    835    840    839
      0      0      0      0
