Nb de periode :    25
 0.6000
  0.221001E-03  0.153566E-11 -0.276662E-06 -0.737188E-13 -0.459492E-04 -0.542101E-19
 -0.504485E-12  0.221000E-03 -0.363443E-11  0.459651E-04 -0.613731E-12  0.842842E-13
 -0.441796E-07  0.452645E-06  0.822626E+00 -0.823748E-07  0.989530E-09 -0.241474E-14
 -0.247358E-12  0.461252E-04 -0.452838E-11  0.959611E-05 -0.154876E-12  0.175599E-13
 -0.461016E-04  0.181632E-12  0.718538E-07  0.201394E-12  0.958998E-05  0.231240E-18
 -0.177254E-20  0.881467E-13 -0.344645E-20  0.181783E-13 -0.109436E-20 -0.961806E-20
 2.3208
  0.263354E+01 -0.229193E-07 -0.127321E-04 -0.374712E-08 -0.564195E+00 -0.649480E-14
  0.158252E-07  0.263353E+01 -0.442087E-07  0.564192E+00  0.160071E-08  0.988856E-09
 -0.213087E-05  0.100150E-04  0.296130E+02  0.228616E-05  0.309199E-06 -0.210498E-12
  0.403088E-08  0.566907E+00 -0.543514E-07  0.121445E+00 -0.891305E-10  0.212871E-09
 -0.566907E+00 -0.115360E-07  0.548945E-05 -0.181899E-10  0.121445E+00 -0.555112E-16
 -0.101381E-15  0.991749E-09  0.539391E-17  0.212471E-09  0.434054E-16  0.170519E-16
 4.0417
  0.948425E+02  0.417465E-06 -0.148565E-04  0.124099E-06 -0.213737E+02  0.387246E-12
 -0.112061E-05  0.948423E+02 -0.252388E-05  0.213737E+02  0.293832E-06  0.342137E-07
  0.114441E-04 -0.202316E-04  0.562060E+02 -0.645174E-05 -0.397116E-05 -0.710543E-14
  0.646105E-07  0.215329E+02 -0.972301E-06  0.485321E+01  0.120490E-07  0.776653E-08
 -0.215329E+02 -0.395812E-08  0.255555E-05  0.113854E-06  0.485321E+01 -0.603961E-13
  0.180043E-13  0.342939E-07  0.246331E-14  0.772770E-08 -0.485592E-14  0.459962E-14
 5.7625
  0.326568E+03  0.150641E-05 -0.488758E-05  0.225380E-06 -0.773780E+02 -0.138556E-12
  0.623986E-06  0.326567E+03  0.856817E-07  0.773781E+02  0.279397E-08  0.112741E-06
 -0.114888E-04  0.153270E-04  0.426189E+02 -0.124844E-05 -0.117719E-05  0.159872E-12
  0.434928E-06  0.782900E+02 -0.255043E-05  0.185444E+02 -0.117579E-07  0.270304E-07
 -0.782899E+02 -0.159489E-06  0.444055E-05  0.110012E-06  0.185444E+02 -0.521361E-12
 -0.420497E-13  0.112793E-06  0.192069E-13  0.267302E-07  0.126635E-12  0.153052E-12
 7.4833
  0.315555E+03  0.214949E-05  0.840425E-05 -0.476371E-06 -0.773068E+02 -0.200018E-11
  0.781380E-06  0.315554E+03  0.478700E-06  0.773068E+02  0.453088E-06  0.105696E-06
 -0.114031E-04  0.159534E-04  0.475920E+02 -0.237161E-05  0.589713E-05 -0.461853E-13
  0.439119E-06  0.788537E+02 -0.516418E-06  0.192936E+02 -0.258908E-06  0.264052E-07
 -0.788536E+02  0.316999E-06 -0.351667E-05  0.628643E-07  0.192936E+02  0.843769E-13
  0.111289E-11  0.105218E-06  0.843769E-14  0.257899E-07 -0.780043E-12  0.530676E-12
 9.2042
  0.238254E+03 -0.262330E-05 -0.133812E-04  0.260305E-06 -0.569142E+02 -0.710543E-13
 -0.181841E-06  0.238254E+03  0.573508E-05  0.569141E+02 -0.488712E-06  0.813769E-07
 -0.214786E-05 -0.105314E-05  0.384670E+00 -0.649379E-06  0.128173E-05  0.893730E-14
  0.100059E-06  0.607176E+02 -0.788365E-06  0.145076E+02  0.156462E-06  0.207613E-07
 -0.607177E+02 -0.949716E-06  0.198185E-05  0.531436E-07  0.145076E+02 -0.105249E-12
 -0.361787E-12  0.788159E-07  0.112965E-13  0.188328E-07  0.226485E-12  0.760778E-12
10.9250
  0.160292E+03 -0.102972E-05  0.255927E-05 -0.804430E-07 -0.422618E+02 -0.813127E-12
  0.168302E-05  0.160292E+03  0.464497E-07  0.422618E+02  0.165135E-06  0.532217E-07
 -0.134250E-05  0.217029E-05  0.439890E+00  0.148033E-06 -0.221771E-07 -0.685563E-14
 -0.357388E-06  0.408975E+02 -0.520959E-08  0.107859E+02 -0.582659E-07  0.135981E-07
 -0.408975E+02  0.604341E-07 -0.370666E-06 -0.129134E-06  0.107859E+02 -0.344280E-12
 -0.138402E-11  0.544554E-07 -0.749401E-15  0.143526E-07  0.108837E-12  0.720988E-12
12.6458
  0.112829E+03  0.104702E-05 -0.254903E-05  0.467553E-07 -0.285865E+02 -0.396683E-12
 -0.451226E-06  0.112829E+03 -0.948785E-08  0.285865E+02  0.331784E-07  0.411150E-07
 -0.948028E-06  0.402812E-06  0.308053E+00  0.338259E-07  0.211294E-06 -0.838218E-14
 -0.207401E-07  0.283320E+02 -0.404543E-08  0.717883E+01  0.255604E-07  0.103296E-07
 -0.283320E+02 -0.136624E-06  0.190223E-06  0.274740E-07  0.717883E+01 -0.182354E-13
 -0.526287E-12  0.407449E-07 -0.206606E-14  0.103222E-07  0.303559E-12  0.905592E-12
14.3667
  0.782590E+02 -0.655506E-06  0.107195E-05 -0.242762E-07 -0.192120E+02  0.565936E-12
 -0.466653E-06  0.782590E+02 -0.860018E-08  0.192120E+02 -0.396176E-08  0.307629E-07
 -0.606233E-07  0.939744E-07  0.268822E+00  0.322107E-07  0.168511E-07  0.617562E-15
 -0.259370E-07  0.190653E+02 -0.137516E-08  0.467316E+01  0.186474E-07  0.756081E-08
 -0.190653E+02  0.379823E-07 -0.188185E-06  0.259749E-07  0.467316E+01 -0.745185E-13
 -0.893910E-12  0.311047E-07  0.471845E-15  0.765826E-08  0.485584E-12  0.231430E-11
16.0875
  0.497472E+02  0.225460E-06 -0.529084E-05  0.621367E-08 -0.124216E+02  0.316414E-14
  0.286040E-06  0.497472E+02 -0.366999E-07  0.124215E+02  0.348082E-07  0.167902E-07
  0.377907E-06  0.343026E-07 -0.481987E-02  0.631948E-08 -0.933674E-07  0.385190E-15
 -0.102591E-08  0.118800E+02 -0.105792E-07  0.296713E+01  0.134751E-07  0.400567E-08
 -0.118800E+02  0.252894E-07  0.862521E-06 -0.394120E-07  0.296712E+01 -0.446171E-13
 -0.966133E-12  0.215814E-07 -0.260209E-16  0.538971E-08 -0.266256E-12  0.398328E-11
17.8083
  0.384397E+02  0.255416E-06 -0.250991E-06 -0.937589E-07 -0.883867E+01  0.170863E-12
 -0.331130E-06  0.384397E+02  0.184264E-07  0.883867E+01 -0.490400E-08  0.194910E-07
 -0.119413E-06  0.127607E-07  0.903979E-01 -0.163982E-08  0.263244E-07 -0.242861E-16
 -0.652935E-07  0.903322E+01 -0.138789E-08  0.207779E+01  0.816931E-08  0.457032E-08
 -0.903323E+01  0.103620E-06  0.516811E-07 -0.412533E-07  0.207779E+01  0.624934E-14
 -0.953686E-14  0.180150E-07  0.156125E-16  0.413952E-08  0.592174E-13  0.598312E-11
19.5292
  0.300777E+02 -0.175296E-07 -0.570959E-06  0.538257E-07 -0.683665E+01 -0.304270E-13
 -0.392961E-06  0.300777E+02 -0.786167E-08  0.683664E+01  0.300629E-07  0.160230E-07
  0.126985E-06 -0.526786E-07  0.986410E-02  0.861775E-08 -0.294067E-07 -0.378387E-15
  0.448738E-07  0.692289E+01 -0.886303E-09  0.157301E+01 -0.168977E-07  0.369440E-08
 -0.692290E+01  0.332173E-07  0.791988E-07  0.177909E-08  0.157301E+01 -0.611837E-14
 -0.842429E-13  0.155869E-07 -0.346945E-16  0.354129E-08 -0.549753E-13  0.419032E-11
21.2500
  0.232266E+02  0.981912E-07 -0.247983E-07 -0.308632E-07 -0.522099E+01 -0.167666E-12
 -0.394671E-06  0.232267E+02 -0.201339E-09  0.522099E+01 -0.142209E-07  0.131611E-07
 -0.230484E-07  0.597069E-08  0.101502E-01  0.405703E-08  0.864929E-08  0.114275E-15
 -0.288139E-07  0.523546E+01  0.722480E-10  0.117530E+01  0.633965E-08  0.298490E-08
 -0.523545E+01  0.359137E-07 -0.168948E-07 -0.479368E-08  0.117530E+01  0.588700E-14
 -0.145034E-12  0.132977E-07  0.260209E-17  0.300583E-08  0.622375E-14  0.390459E-11
22.9708
  0.189499E+02  0.131058E-07 -0.261411E-06 -0.448017E-07 -0.426071E+01 -0.649862E-13
 -0.692580E-07  0.189499E+02  0.556065E-08  0.426072E+01 -0.878840E-07  0.110263E-07
 -0.273167E-07  0.205884E-08  0.730689E-02  0.156581E-08  0.679029E-08  0.279724E-16
 -0.152710E-07  0.423726E+01  0.352429E-08  0.951989E+00  0.572231E-08  0.247109E-08
 -0.423727E+01 -0.233331E-08  0.205400E-07  0.514581E-08  0.951988E+00 -0.292804E-13
  0.649541E-13  0.114434E-07 -0.711237E-16  0.257735E-08  0.577229E-14  0.217886E-11
24.6917
  0.138815E+02  0.141469E-06 -0.501881E-06  0.426553E-09 -0.307299E+01 -0.154122E-13
 -0.425547E-07  0.138815E+02  0.111640E-08  0.307300E+01 -0.111332E-07  0.876628E-08
 -0.934310E-07 -0.348915E-08  0.372264E-02  0.494538E-10  0.236723E-07  0.108420E-18
 -0.360731E-07  0.307520E+01  0.152340E-09  0.680103E+00  0.213481E-08  0.195241E-08
 -0.307519E+01 -0.153972E-08  0.113638E-06 -0.193438E-09  0.680102E+00 -0.113160E-13
 -0.855221E-13  0.898983E-08  0.867362E-18  0.199992E-08 -0.275561E-14  0.176626E-11
26.4125
  0.830246E+01  0.161042E-07 -0.170359E-06  0.252599E-07 -0.174015E+01 -0.500208E-14
 -0.559427E-07  0.830247E+01 -0.110845E-07  0.174015E+01  0.125021E-08  0.619153E-08
  0.378058E-07 -0.215323E-07  0.583009E-02  0.108016E-07 -0.958758E-08 -0.380135E-15
  0.239109E-07  0.185799E+01 -0.127056E-08  0.389452E+00 -0.338787E-10  0.138542E-08
 -0.185799E+01 -0.220543E-07  0.399305E-07 -0.104441E-08  0.389451E+00 -0.155082E-13
  0.262270E-12  0.550759E-08  0.113380E-15  0.115428E-08 -0.267533E-13  0.891268E-12
28.1333
 -0.504530E+00  0.523187E-09 -0.104072E-06  0.420926E-08  0.359650E+00 -0.333934E-14
 -0.409557E-08 -0.504505E+00  0.689465E-08 -0.359644E+00 -0.132542E-08  0.176392E-08
  0.474590E-07  0.159160E-07  0.382094E-02  0.197111E-07 -0.181499E-07 -0.147208E-15
 -0.493358E-09 -0.103906E+00  0.663988E-09 -0.776827E-01  0.621441E-09  0.393278E-09
  0.103911E+00 -0.314840E-08 -0.130985E-07 -0.153989E-09 -0.776841E-01  0.100993E-14
  0.391648E-13 -0.493969E-09  0.179761E-15 -0.284262E-09 -0.941602E-14  0.162389E-11
29.8542
  0.209280E+01  0.587374E-08  0.140426E-07 -0.190835E-08 -0.527553E+00 -0.308694E-14
  0.677358E-08  0.209274E+01 -0.341061E-09  0.527538E+00  0.122782E-09  0.842226E-09
 -0.291215E-07 -0.356269E-07  0.209693E-03  0.469518E-08  0.934989E-08 -0.245396E-15
 -0.353847E-08  0.462659E+00 -0.185082E-09  0.116630E+00 -0.641251E-09  0.186157E-09
 -0.462673E+00  0.784289E-08 -0.731234E-09 -0.167347E-09  0.116633E+00  0.707984E-15
 -0.238892E-12  0.148683E-08  0.520417E-17  0.374683E-09  0.175872E-13  0.256234E-11
31.5750
  0.643760E+01 -0.109499E-07 -0.313303E-06 -0.959290E-08 -0.149855E+01  0.369427E-13
  0.114654E-06  0.643762E+01  0.247928E-08  0.149856E+01  0.998671E-08  0.361506E-08
 -0.124867E-06  0.292373E-08  0.320777E-02  0.631542E-08  0.346645E-07  0.148536E-16
 -0.224778E-07  0.142175E+01 -0.137970E-08  0.330903E+00 -0.123771E-08  0.799382E-09
 -0.142175E+01 -0.917282E-08  0.777218E-07  0.176794E-08  0.330903E+00 -0.773253E-14
 -0.218659E-14  0.453847E-08  0.813152E-17  0.105775E-08  0.513321E-14  0.231880E-11
33.2958
 -0.247158E+01  0.483687E-07 -0.727712E-06  0.651198E-08  0.662866E+00 -0.122402E-13
  0.192758E-07 -0.247156E+01 -0.905129E-08 -0.662861E+00 -0.128093E-07 -0.485539E-09
  0.744865E-07  0.308961E-07 -0.229952E-02 -0.655334E-08 -0.187001E-07 -0.711237E-16
 -0.135184E-07 -0.541476E+00  0.126602E-08 -0.145227E+00 -0.557066E-09 -0.106449E-09
  0.541481E+00  0.379453E-08  0.166794E-06 -0.187060E-08 -0.145228E+00  0.295423E-14
 -0.158405E-13 -0.183615E-08 -0.113841E-16 -0.492316E-09  0.520363E-14  0.819286E-12
35.0167
  0.379383E+01 -0.307291E-07  0.297965E-06  0.795808E-08 -0.900837E+00 -0.971445E-14
  0.485584E-07  0.379383E+01  0.294312E-08  0.900836E+00 -0.591172E-10  0.197668E-08
 -0.767802E-07  0.154425E-07  0.245645E-02  0.943132E-09  0.168370E-07 -0.299240E-16
 -0.329783E-08  0.830890E+00  0.607542E-09  0.197285E+00 -0.231148E-08  0.433054E-09
 -0.830890E+00 -0.434318E-08 -0.522268E-07 -0.162834E-08  0.197285E+00  0.541407E-14
 -0.240901E-13  0.285971E-08  0.620435E-16  0.679223E-09  0.147556E-13  0.661216E-12
36.7375
 -0.235818E+01  0.375803E-08 -0.488246E-06 -0.413092E-08  0.587540E+00 -0.245290E-14
 -0.332520E-07 -0.235818E+01  0.139698E-08 -0.587540E+00 -0.263026E-08 -0.875802E-09
  0.745245E-07 -0.170020E-07 -0.311600E-02  0.460190E-09 -0.175928E-07  0.660279E-16
 -0.216733E-08 -0.519875E+00 -0.546970E-08 -0.129527E+00  0.393356E-09 -0.193057E-09
  0.519876E+00  0.767898E-08  0.104570E-06  0.148384E-08 -0.129527E+00  0.157947E-14
 -0.167983E-13 -0.169021E-08 -0.981203E-17 -0.421086E-09  0.750467E-14  0.314595E-12
38.4583
  0.118323E+01 -0.222317E-07 -0.665968E-07  0.119985E-08 -0.266409E+00  0.130577E-13
 -0.145951E-08  0.118324E+01  0.289265E-08  0.266411E+00  0.384034E-09  0.757800E-09
 -0.267920E-07 -0.522302E-09  0.607906E-03  0.239766E-09  0.697810E-08 -0.162630E-18
  0.130566E-08  0.260181E+00  0.493799E-09  0.585831E-01  0.151772E-09  0.166601E-09
 -0.260179E+00 -0.150763E-08  0.126838E-07 -0.470010E-09  0.585826E-01 -0.785071E-15
 -0.382647E-14  0.859641E-09 -0.612574E-17  0.193476E-09 -0.370912E-14  0.329158E-12
40.1792
  0.150315E+01 -0.137907E-07  0.211992E-06  0.214732E-08 -0.364366E+00  0.151684E-13
  0.137443E-07  0.150314E+01  0.318687E-08  0.364363E+00  0.263162E-08  0.661825E-09
 -0.183734E-07  0.291195E-09  0.182274E-02 -0.615337E-09  0.342607E-08  0.237440E-16
 -0.140381E-08  0.330269E+00  0.439741E-09  0.800680E-01  0.486921E-09  0.145308E-09
 -0.330272E+00  0.663135E-09 -0.428990E-07 -0.623231E-09  0.800686E-01 -0.225514E-14
 -0.148037E-14  0.109980E-08 -0.233103E-17  0.266329E-09 -0.803475E-15  0.184028E-12
41.9000
  0.185018E+00  0.249328E-08  0.137353E-06 -0.360160E-09 -0.411937E-01 -0.801117E-15
  0.277682E-08  0.185003E+00  0.248804E-09  0.411903E-01 -0.160867E-09  0.134734E-09
  0.651204E-08  0.310821E-08 -0.845043E-03 -0.421039E-09 -0.276714E-08  0.108420E-18
  0.149186E-09  0.395867E-01 -0.215294E-10  0.880511E-02 -0.593268E-10  0.290040E-10
 -0.395898E-01 -0.104926E-09 -0.297091E-07  0.160725E-10  0.880587E-02 -0.226259E-15
  0.619024E-14  0.162671E-09  0.123328E-17  0.364444E-10 -0.128042E-14 -0.551088E-13
